Shoulder_02_XN,0,0,0,0,0,0,43.3068909446
Shoulder_02_XN,1,0,0,0,0,0,43.3023048009
Shoulder_02_XN,2,0,0,0,0,0,43.2877170401
Shoulder_02_XN,3,0,0,0,0,0,43.2618916599
Shoulder_02_XN,4,0,0,0,0,0,43.2236070856
Shoulder_02_XN,5,0,0,0,0,0,43.1716439193
Shoulder_02_XN,6,0,0,0,0,0,43.1047969261
Shoulder_02_XN,7,0,0,0,0,0,43.0218531228
Shoulder_02_XN,8,0,0,0,0,0,42.9216144597
Shoulder_02_XN,9,0,0,0,0,0,42.8028643719
Shoulder_02_XN,10,0,0,0,0,0,42.6644168774
Shoulder_02_XN,11,0,0,0,0,0,42.5050321462
Shoulder_02_XN,12,0,0,0,0,0,42.3235180135
Shoulder_02_XN,13,0,0,0,0,0,42.1186283853
Shoulder_02_XN,14,0,0,0,0,0,41.8891636682
Shoulder_02_XN,15,0,0,0,0,0,41.6338033883
Shoulder_02_XN,16,0,0,0,0,0,41.351374169
Shoulder_02_XN,17,0,0,0,0,0,41.040512494
Shoulder_02_XN,18,0,0,0,0,0,40.6999674701
Shoulder_02_XN,19,0,0,0,0,0,40.328415002
Shoulder_02_XN,20,0,0,0,0,0,39.9245450715
Shoulder_02_XN,21,0,0,0,0,0,39.4869052885
Shoulder_02_XN,22,0,0,0,0,0,39.0142166313
Shoulder_02_XN,23,0,0,0,0,0,38.5049619141
Shoulder_02_XN,24,0,0,0,0,0,37.957720614
Shoulder_02_XN,25,0,0,0,0,0,37.3709932188
Shoulder_02_XN,26,0,0,0,0,0,36.7432412737
Shoulder_02_XN,27,0,0,0,0,0,36.0729490605
Shoulder_02_XN,28,0,0,0,0,0,35.358436643
Shoulder_02_XN,29,0,0,0,0,0,34.5981064078
Shoulder_02_XN,30,0,0,0,0,0,33.7901754396
Shoulder_02_XN,31,0,0,0,0,0,32.9329543347
Shoulder_02_XN,32,0,0,0,0,0,32.0246317872
Shoulder_02_XN,33,0,0,0,0,0,31.0631593263
Shoulder_02_XN,34,0,0,0,0,0,30.0467714423
Shoulder_02_XN,35,0,0,0,0,0,28.9733781618
Shoulder_02_XN,36,0,0,0,0,0,27.840804113
Shoulder_02_XN,37,0,0,0,0,0,26.646894675
Shoulder_02_XN,38,0,0,0,0,0,25.3894225298
Shoulder_02_XN,39,0,0,0,0,0,24.0660845154
Shoulder_02_XN,40,0,0,0,0,0,22.6742440549
Shoulder_02_XN,41,0,0,0,0,0,21.2114014608
Shoulder_02_XN,42,0,0,0,0,0,19.6748303927
Shoulder_02_XN,43,0,0,0,0,0,18.0615434998
Shoulder_02_XN,44,0,0,0,0,0,16.3688616243
Shoulder_02_XN,45,0,0,0,0,0,14.5935560294
Shoulder_02_XN,46,0,0,0,0,0,12.73224024
Shoulder_02_XN,47,0,0,0,0,0,10.7815340928
Shoulder_02_XN,48,0,0,0,0,0,8.73764468287
Shoulder_02_XN,49,0,0,0,0,0,6.49557344925
Shoulder_02_XN,50,0,0,0,0,0,3.94978579452
Shoulder_02_XN,51,0,0,0,0,0,1.09745238955
Shoulder_02_XN,52,0,0,0,0,0,-2.06242790636
Shoulder_02_XN,53,0,0,0,0,0,-5.52761462713
Shoulder_02_XN,54,0,0,0,0,0,-9.29237414449
Shoulder_02_XN,55,0,0,0,0,0,-13.3483249985
Shoulder_02_XN,56,0,0,0,0,0,-17.6815285741
Shoulder_02_XN,57,0,0,0,0,0,-22.2745823979
Shoulder_02_XN,58,0,0,0,0,0,-27.1049781748
Shoulder_02_XN,59,0,0,0,0,0,-32.1457052787
Shoulder_02_XN,60,0,0,0,0,0,-37.3650381239
Shoulder_02_XN,61,0,0,0,0,0,-42.727899399
Shoulder_02_XN,62,0,0,0,0,0,-48.1956020187
Shoulder_02_XN,63,0,0,0,0,0,-53.7275257397
Shoulder_02_XN,64,0,0,0,0,0,-59.2814307388
Shoulder_02_XN,65,0,0,0,0,0,-64.8153224455
Shoulder_02_XN,66,0,0,0,0,0,-70.2889474076
Shoulder_02_XN,67,0,0,0,0,0,-75.664082901
Shoulder_02_XN,68,0,0,0,0,0,-80.9054855222
Shoulder_02_XN,69,0,0,0,0,0,-85.9817083759
Shoulder_02_XN,70,0,0,0,0,0,-90.8661007973
Shoulder_02_XN,71,0,0,0,0,0,-95.5361962816
Shoulder_02_XN,72,0,0,0,0,0,-99.9730722034
Shoulder_02_XN,73,0,0,0,0,0,-104.163271447
Shoulder_02_XN,74,0,0,0,0,0,-108.09654533
Shoulder_02_XN,75,0,0,0,0,0,-111.765982954
Shoulder_02_XN,76,0,0,0,0,0,-115.167733534
Shoulder_02_XN,77,0,0,0,0,0,-118.300681074
Shoulder_02_XN,78,0,0,0,0,0,-121.166080945
Shoulder_02_XN,79,0,0,0,0,0,-123.766062056
Shoulder_02_XN,80,0,0,0,0,0,-126.105493283
Shoulder_02_XN,81,0,0,0,0,0,-128.188997129
Shoulder_02_XN,82,0,0,0,0,0,-130.022765616
Shoulder_02_XN,83,0,0,0,0,0,-131.613618639
Shoulder_02_XN,84,0,0,0,0,0,-132.968407832
Shoulder_02_XN,85,0,0,0,0,0,-134.094422137
Shoulder_02_XN,86,0,0,0,0,0,-134.999273757
Shoulder_02_XN,87,0,0,0,0,0,-135.690282444
Shoulder_02_XN,88,0,0,0,0,0,-136.174876647
Shoulder_02_XN,89,0,0,0,0,0,-136.460417489
Shoulder_02_XN,90,0,0,0,0,0,-136.55402717
Shoulder_02_XN,91,0,0,0,0,0,-136.55402717
Shoulder_02_XN,92,0,0,0,0,0,-136.55402717
Shoulder_02_XN,93,0,0,0,0,0,-136.55402717
Shoulder_02_XN,94,0,0,0,0,0,-136.55402717
Shoulder_02_XN,95,0,0,0,0,0,-136.55402717
Shoulder_02_XN,96,0,0,0,0,0,-136.55402717
Shoulder_02_XN,97,0,0,0,0,0,-136.55402717
Shoulder_02_XN,98,0,0,0,0,0,-136.55402717
Shoulder_02_XN,99,0,0,0,0,0,-136.55402717
Shoulder_02_XN,100,0,0,0,0,0,-136.55402717
Shoulder_02_XN,101,0,0,0,0,0,-136.55402717
Shoulder_02_XN,102,0,0,0,0,0,-136.55402717
Shoulder_02_XN,103,0,0,0,0,0,-136.55402717
Shoulder_02_XN,104,0,0,0,0,0,-136.55402717
Shoulder_02_XN,105,0,0,0,0,0,-136.55402717
Shoulder_02_XN,106,0,0,0,0,0,-136.55402717
Shoulder_02_XN,107,0,0,0,0,0,-136.55402717
Shoulder_02_XN,108,0,0,0,0,0,-136.55402717
Shoulder_02_XN,109,0,0,0,0,0,-136.55402717
Shoulder_02_XN,110,0,0,0,0,0,-136.55402717
Shoulder_02_XN,111,0,0,0,0,0,-136.55402717
Shoulder_02_XN,112,0,0,0,0,0,-136.55402717
Shoulder_02_XN,113,0,0,0,0,0,-136.55402717
Shoulder_02_XN,114,0,0,0,0,0,-136.55402717
Shoulder_02_XN,115,0,0,0,0,0,-136.55402717
Shoulder_02_XN,116,0,0,0,0,0,-136.55402717
Shoulder_02_XN,117,0,0,0,0,0,-136.55402717
Shoulder_02_XN,118,0,0,0,0,0,-136.55402717
Shoulder_02_XN,119,0,0,0,0,0,-136.55402717
Shoulder_02_XN,120,0,0,0,0,0,-136.55402717
Shoulder_02_XN,121,0,0,0,0,0,-136.55402717
Shoulder_02_XN,122,0,0,0,0,0,-136.55402717
Shoulder_02_XN,123,0,0,0,0,0,-136.55402717
Shoulder_02_XN,124,0,0,0,0,0,-136.55402717
Shoulder_02_XN,125,0,0,0,0,0,-136.55402717
Shoulder_02_XN,126,0,0,0,0,0,-136.55402717
Shoulder_02_XN,127,0,0,0,0,0,-136.55402717
Shoulder_02_XN,128,0,0,0,0,0,-136.55402717
Shoulder_02_XN,129,0,0,0,0,0,-136.55402717
Shoulder_02_XN,130,0,0,0,0,0,-136.55402717
Shoulder_02_XN,131,0,0,0,0,0,-136.55402717
Shoulder_02_XN,132,0,0,0,0,0,-136.55402717
Shoulder_02_XN,133,0,0,0,0,0,-136.55402717
Shoulder_02_XN,134,0,0,0,0,0,-136.55402717
Shoulder_02_XN,135,0,0,0,0,0,-136.55402717
Shoulder_02_XN,136,0,0,0,0,0,-136.55402717
Shoulder_02_XN,137,0,0,0,0,0,-136.55402717
Shoulder_02_XN,138,0,0,0,0,0,-136.55402717
Shoulder_02_XN,139,0,0,0,0,0,-136.55402717
Shoulder_02_XN,140,0,0,0,0,0,-136.55402717
Shoulder_02_XN,141,0,0,0,0,0,-136.55402717
Shoulder_02_XN,142,0,0,0,0,0,-136.55402717
Shoulder_02_XN,143,0,0,0,0,0,-136.55402717
Shoulder_02_XN,144,0,0,0,0,0,-136.55402717
Shoulder_02_XN,145,0,0,0,0,0,-136.55402717
Shoulder_02_XN,146,0,0,0,0,0,-136.55402717
Shoulder_02_XN,147,0,0,0,0,0,-136.55402717
Shoulder_02_XN,148,0,0,0,0,0,-136.55402717
Shoulder_02_XN,149,0,0,0,0,0,-136.55402717
Shoulder_02_XN,150,0,0,0,0,0,-136.55402717
Shoulder_02_XN,151,0,0,0,0,0,-136.55402717
Shoulder_02_XN,152,0,0,0,0,0,-136.55402717
Shoulder_02_XN,153,0,0,0,0,0,-136.55402717
Shoulder_02_XN,154,0,0,0,0,0,-136.55402717
Shoulder_02_XN,155,0,0,0,0,0,-136.55402717
Shoulder_02_XN,156,0,0,0,0,0,-136.55402717
Shoulder_02_XN,157,0,0,0,0,0,-136.55402717
Shoulder_02_XN,158,0,0,0,0,0,-136.55402717
Shoulder_02_XN,159,0,0,0,0,0,-136.55402717
Shoulder_02_XN,160,0,0,0,0,0,-136.55402717
Shoulder_02_XN,161,0,0,0,0,0,-136.55402717
Shoulder_02_XN,162,0,0,0,0,0,-136.55402717
Shoulder_02_XN,163,0,0,0,0,0,-136.55402717
Shoulder_02_XN,164,0,0,0,0,0,-136.55402717
Shoulder_02_XN,165,0,0,0,0,0,-136.55402717
Shoulder_02_XN,166,0,0,0,0,0,-136.55402717
Shoulder_02_XN,167,0,0,0,0,0,-136.55402717
Shoulder_02_XN,168,0,0,0,0,0,-136.55402717
Shoulder_02_XN,169,0,0,0,0,0,-136.55402717
Shoulder_02_XN,170,0,0,0,0,0,-136.55402717
Shoulder_02_XN,171,0,0,0,0,0,-136.55402717
Shoulder_02_XN,172,0,0,0,0,0,-136.55402717
Shoulder_02_XN,173,0,0,0,0,0,-136.55402717
Shoulder_02_XN,174,0,0,0,0,0,-136.55402717
Shoulder_02_XN,175,0,0,0,0,0,-136.55402717
Shoulder_02_XN,176,0,0,0,0,0,-136.55402717
Shoulder_02_XN,177,0,0,0,0,0,-136.55402717
Shoulder_02_XN,178,0,0,0,0,0,-136.55402717
Shoulder_02_XN,179,0,0,0,0,0,-136.55402717
Shoulder_02_XN,180,0,0,0,0,0,-136.55402717
Shoulder_02_XN,181,0,0,0,0,0,-136.55402717
Shoulder_02_XN,182,0,0,0,0,0,-136.55402717
Shoulder_02_XN,183,0,0,0,0,0,-136.55402717
Shoulder_02_XN,184,0,0,0,0,0,-136.55402717
Shoulder_02_XN,185,0,0,0,0,0,-136.55402717
Shoulder_02_XN,186,0,0,0,0,0,-136.55402717
Shoulder_02_XN,187,0,0,0,0,0,-136.55402717
Shoulder_02_XN,188,0,0,0,0,0,-136.55402717
Shoulder_02_XN,189,0,0,0,0,0,-136.55402717
Shoulder_02_XN,190,0,0,0,0,0,-136.55402717
Shoulder_02_XN,191,0,0,0,0,0,-136.55402717
Shoulder_02_XN,192,0,0,0,0,0,-136.55402717
Shoulder_02_XN,193,0,0,0,0,0,-136.55402717
Shoulder_02_XN,194,0,0,0,0,0,-136.55402717
Shoulder_02_XN,195,0,0,0,0,0,-136.55402717
Shoulder_02_XN,196,0,0,0,0,0,-136.55402717
Shoulder_02_XN,197,0,0,0,0,0,-136.55402717
Shoulder_02_XN,198,0,0,0,0,0,-136.55402717
Shoulder_02_XN,199,0,0,0,0,0,-136.55402717
Shoulder_02_XN,200,0,0,0,0,0,-136.55402717
Shoulder_02_XN,201,0,0,0,0,0,-136.506254559
Shoulder_02_XN,202,0,0,0,0,0,-136.359686161
Shoulder_02_XN,203,0,0,0,0,0,-136.109281876
Shoulder_02_XN,204,0,0,0,0,0,-135.749784309
Shoulder_02_XN,205,0,0,0,0,0,-135.275923659
Shoulder_02_XN,206,0,0,0,0,0,-134.682253405
Shoulder_02_XN,207,0,0,0,0,0,-133.963484414
Shoulder_02_XN,208,0,0,0,0,0,-133.114667336
Shoulder_02_XN,209,0,0,0,0,0,-132.131227628
Shoulder_02_XN,210,0,0,0,0,0,-131.009530726
Shoulder_02_XN,211,0,0,0,0,0,-129.74736133
Shoulder_02_XN,212,0,0,0,0,0,-128.344212779
Shoulder_02_XN,213,0,0,0,0,0,-126.802456369
Shoulder_02_XN,214,0,0,0,0,0,-125.127699082
Shoulder_02_XN,215,0,0,0,0,0,-123.330103469
Shoulder_02_XN,216,0,0,0,0,0,-121.425360677
Shoulder_02_XN,217,0,0,0,0,0,-119.435290467
Shoulder_02_XN,218,0,0,0,0,0,-117.388316776
Shoulder_02_XN,219,0,0,0,0,0,-115.31928526
Shoulder_02_XN,220,0,0,0,0,0,-113.268681381
Shoulder_02_XN,221,0,0,0,0,0,-111.279978491
Shoulder_02_XN,222,0,0,0,0,0,-109.397437868
Shoulder_02_XN,223,0,0,0,0,0,-107.662816469
Shoulder_02_XN,224,0,0,0,0,0,-106.112479646
Shoulder_02_XN,225,0,0,0,0,0,-104.775274804
Shoulder_02_XN,226,0,0,0,0,0,-103.671723214
Shoulder_02_XN,227,0,0,0,0,0,-102.813783897
Shoulder_02_XN,228,0,0,0,0,0,-102.205868694
Shoulder_02_XN,229,0,0,0,0,0,-101.846259801
Shoulder_02_XN,230,0,0,0,0,0,-101.728422262
Shoulder_02_XN,231,0,0,0,0,0,-101.728422262
Shoulder_02_XN,232,0,0,0,0,0,-101.728422262
Shoulder_02_XN,233,0,0,0,0,0,-101.728422262
Shoulder_02_XN,234,0,0,0,0,0,-101.728422262
Shoulder_02_XN,235,0,0,0,0,0,-101.728422262
Shoulder_02_XN,236,0,0,0,0,0,-101.728422262
Shoulder_02_XN,237,0,0,0,0,0,-101.728422262
Shoulder_02_XN,238,0,0,0,0,0,-101.728422262
Shoulder_02_XN,239,0,0,0,0,0,-101.728422262
Shoulder_02_XN,240,0,0,0,0,0,-101.728422262
Shoulder_02_XN,241,0,0,0,0,0,-101.728422262
Shoulder_02_XN,242,0,0,0,0,0,-101.728422262
Shoulder_02_XN,243,0,0,0,0,0,-101.728422262
Shoulder_02_XN,244,0,0,0,0,0,-101.728422262
Shoulder_02_XN,245,0,0,0,0,0,-101.728422262
Shoulder_02_XN,246,0,0,0,0,0,-101.728422262
Shoulder_02_XN,247,0,0,0,0,0,-101.728422262
Shoulder_02_XN,247,0,0,0,0,0,-101.728422262
Shoulder_02_XN,248,0,0,0,0,0,-101.728422262
Shoulder_02_XN,249,0,0,0,0,0,-101.728422262
Shoulder_02_XN,250,0,0,0,0,0,-101.728422262
Bicep_03_YN,0,0,0,0,0,0,51.8524831945
Bicep_03_YN,0,0,0,0,0,0,78.3455283612
Bicep_03_YN,1,0,0,0,0,0,78.3455283612
Bicep_03_YN,2,0,0,0,0,0,78.2423168142
Bicep_03_YN,3,0,0,0,0,0,78.1238368433
Bicep_03_YN,4,0,0,0,0,0,77.8559460901
Bicep_03_YN,5,0,0,0,0,0,77.4919486352
Bicep_03_YN,6,0,0,0,0,0,77.1149139877
Bicep_03_YN,7,0,0,0,0,0,76.6092549317
Bicep_03_YN,8,0,0,0,0,0,76.0315183589
Bicep_03_YN,9,0,0,0,0,0,75.3881341475
Bicep_03_YN,10,0,0,0,0,0,74.685468733
Bicep_03_YN,11,0,0,0,0,0,73.9301175234
Bicep_03_YN,12,0,0,0,0,0,73.1284166574
Bicep_03_YN,13,0,0,0,0,0,72.2869857723
Bicep_03_YN,14,0,0,0,0,0,71.4121963447
Bicep_03_YN,15,0,0,0,0,0,70.5106175619
Bicep_03_YN,16,0,0,0,0,0,69.5883273092
Bicep_03_YN,17,0,0,0,0,0,68.6519050429
Bicep_03_YN,18,0,0,0,0,0,67.7071950132
Bicep_03_YN,19,0,0,0,0,0,66.7603140212
Bicep_03_YN,20,0,0,0,0,0,65.8169975652
Bicep_03_YN,21,0,0,0,0,0,64.8828170937
Bicep_03_YN,22,0,0,0,0,0,63.9627840904
Bicep_03_YN,23,0,0,0,0,0,63.0619922074
Bicep_03_YN,24,0,0,0,0,0,62.1847096313
Bicep_03_YN,25,0,0,0,0,0,61.3350177699
Bicep_03_YN,26,0,0,0,0,0,60.5164406903
Bicep_03_YN,27,0,0,0,0,0,59.7320218771
Bicep_03_YN,28,0,0,0,0,0,58.9936308232
Bicep_03_YN,29,0,0,0,0,0,58.2805537884
Bicep_03_YN,30,0,0,0,0,0,57.6097039076
Bicep_03_YN,31,0,0,0,0,0,56.9820486769
Bicep_03_YN,32,0,0,0,0,0,56.3981084156
Bicep_03_YN,33,0,0,0,0,0,55.8578798513
Bicep_03_YN,34,0,0,0,0,0,55.3690870035
Bicep_03_YN,35,0,0,0,0,0,54.9103754877
Bicep_03_YN,36,0,0,0,0,0,54.4959985924
Bicep_03_YN,37,0,0,0,0,0,54.1240421278
Bicep_03_YN,38,0,0,0,0,0,53.7924411669
Bicep_03_YN,39,0,0,0,0,0,53.5103478193
Bicep_03_YN,40,0,0,0,0,0,53.2474668857
Bicep_03_YN,41,0,0,0,0,0,53.0213149227
Bicep_03_YN,42,0,0,0,0,0,52.8289486858
Bicep_03_YN,43,0,0,0,0,0,52.667592175
Bicep_03_YN,44,0,0,0,0,0,52.5347747827
Bicep_03_YN,45,0,0,0,0,0,52.4284094358
Bicep_03_YN,46,0,0,0,0,0,52.3467982182
Bicep_03_YN,47,0,0,0,0,0,52.300824209
Bicep_03_YN,48,0,0,0,0,0,52.2641462998
Bicep_03_YN,49,0,0,0,0,0,52.2517680502
Bicep_03_YN,50,0,0,0,0,0,52.2517680502
Bicep_03_YN,51,0,0,0,0,0,52.2517680502
Bicep_03_YN,52,0,0,0,0,0,52.2517680502
Bicep_03_YN,53,0,0,0,0,0,52.2517680502
Bicep_03_YN,54,0,0,0,0,0,52.2517680502
Bicep_03_YN,55,0,0,0,0,0,52.2517680502
Bicep_03_YN,56,0,0,0,0,0,52.2517680502
Bicep_03_YN,57,0,0,0,0,0,52.2517680502
Bicep_03_YN,58,0,0,0,0,0,52.2517680502
Bicep_03_YN,59,0,0,0,0,0,52.2517680502
Bicep_03_YN,60,0,0,0,0,0,52.2517680502
Bicep_03_YN,61,0,0,0,0,0,52.2517680502
Bicep_03_YN,62,0,0,0,0,0,52.2517680502
Bicep_03_YN,63,0,0,0,0,0,52.2517680502
Bicep_03_YN,64,0,0,0,0,0,52.2517680502
Bicep_03_YN,65,0,0,0,0,0,52.2517680502
Bicep_03_YN,66,0,0,0,0,0,52.2517680502
Bicep_03_YN,67,0,0,0,0,0,52.2517680502
Bicep_03_YN,68,0,0,0,0,0,52.2517680502
Bicep_03_YN,69,0,0,0,0,0,52.2517680502
Bicep_03_YN,70,0,0,0,0,0,52.2517680502
Bicep_03_YN,71,0,0,0,0,0,52.2517680502
Bicep_03_YN,72,0,0,0,0,0,52.2517680502
Bicep_03_YN,73,0,0,0,0,0,52.2517680502
Bicep_03_YN,74,0,0,0,0,0,52.2517680502
Bicep_03_YN,75,0,0,0,0,0,52.2517680502
Bicep_03_YN,76,0,0,0,0,0,52.2517680502
Bicep_03_YN,77,0,0,0,0,0,52.2517680502
Bicep_03_YN,78,0,0,0,0,0,52.2517680502
Bicep_03_YN,79,0,0,0,0,0,52.2517680502
Bicep_03_YN,80,0,0,0,0,0,52.2517680502
Bicep_03_YN,81,0,0,0,0,0,52.2517680502
Bicep_03_YN,82,0,0,0,0,0,52.2517680502
Bicep_03_YN,83,0,0,0,0,0,52.2517680502
Bicep_03_YN,84,0,0,0,0,0,52.2517680502
Bicep_03_YN,85,0,0,0,0,0,52.2517680502
Bicep_03_YN,86,0,0,0,0,0,52.2517680502
Bicep_03_YN,87,0,0,0,0,0,52.2517680502
Bicep_03_YN,88,0,0,0,0,0,52.2517680502
Bicep_03_YN,89,0,0,0,0,0,52.2517680502
Bicep_03_YN,90,0,0,0,0,0,52.2517680502
Bicep_03_YN,91,0,0,0,0,0,52.2517680502
Bicep_03_YN,92,0,0,0,0,0,52.2593026886
Bicep_03_YN,93,0,0,0,0,0,52.2840303635
Bicep_03_YN,94,0,0,0,0,0,52.3301424663
Bicep_03_YN,95,0,0,0,0,0,52.3870737393
Bicep_03_YN,96,0,0,0,0,0,52.4900099733
Bicep_03_YN,97,0,0,0,0,0,52.6346132391
Bicep_03_YN,98,0,0,0,0,0,52.8300950824
Bicep_03_YN,99,0,0,0,0,0,53.0830490188
Bicep_03_YN,100,0,0,0,0,0,53.3935282101
Bicep_03_YN,101,0,0,0,0,0,53.7525408817
Bicep_03_YN,102,0,0,0,0,0,54.1290006785
Bicep_03_YN,103,0,0,0,0,0,54.5278800777
Bicep_03_YN,104,0,0,0,0,0,54.9266697416
Bicep_03_YN,105,0,0,0,0,0,55.3159008124
Bicep_03_YN,106,0,0,0,0,0,55.6897976401
Bicep_03_YN,107,0,0,0,0,0,56.0973199209
Bicep_03_YN,108,0,0,0,0,0,56.5802881766
Bicep_03_YN,109,0,0,0,0,0,57.1285376472
Bicep_03_YN,110,0,0,0,0,0,57.7349217773
Bicep_03_YN,111,0,0,0,0,0,58.3936221817
Bicep_03_YN,112,0,0,0,0,0,59.099299165
Bicep_03_YN,113,0,0,0,0,0,59.8468492783
Bicep_03_YN,114,0,0,0,0,0,60.6309560034
Bicep_03_YN,115,0,0,0,0,0,61.4320925728
Bicep_03_YN,116,0,0,0,0,0,62.2723197691
Bicep_03_YN,117,0,0,0,0,0,63.1326944752
Bicep_03_YN,118,0,0,0,0,0,64.019695634
Bicep_03_YN,119,0,0,0,0,0,64.898503455
Bicep_03_YN,120,0,0,0,0,0,65.7759607034
Bicep_03_YN,121,0,0,0,0,0,66.6439161957
Bicep_03_YN,122,0,0,0,0,0,67.493556111
Bicep_03_YN,123,0,0,0,0,0,68.3150238266
Bicep_03_YN,124,0,0,0,0,0,69.0973870688
Bicep_03_YN,125,0,0,0,0,0,69.8281243225
Bicep_03_YN,126,0,0,0,0,0,70.4929825072
Bicep_03_YN,127,0,0,0,0,0,71.0887459921
Bicep_03_YN,128,0,0,0,0,0,71.5631602724
Bicep_03_YN,129,0,0,0,0,0,71.9172848367
Bicep_03_YN,130,0,0,0,0,0,72.124019785
Bicep_03_YN,131,0,0,0,0,0,72.1499801173
Bicep_03_YN,132,0,0,0,0,0,72.0794932868
Bicep_03_YN,133,0,0,0,0,0,71.9944476829
Bicep_03_YN,134,0,0,0,0,0,71.9197024215
Bicep_03_YN,135,0,0,0,0,0,71.8671476671
Bicep_03_YN,136,0,0,0,0,0,71.810990659
Bicep_03_YN,137,0,0,0,0,0,71.7825009169
Bicep_03_YN,138,0,0,0,0,0,71.7840858504
Bicep_03_YN,139,0,0,0,0,0,71.8032723219
Bicep_03_YN,140,0,0,0,0,0,71.8559659276
Bicep_03_YN,141,0,0,0,0,0,71.933120543
Bicep_03_YN,142,0,0,0,0,0,72.0476530685
Bicep_03_YN,143,0,0,0,0,0,72.1794820546
Bicep_03_YN,144,0,0,0,0,0,72.3341126159
Bicep_03_YN,145,0,0,0,0,0,72.4970428168
Bicep_03_YN,146,0,0,0,0,0,72.6578799759
Bicep_03_YN,147,0,0,0,0,0,72.8206689273
Bicep_03_YN,148,0,0,0,0,0,72.9584792948
Bicep_03_YN,149,0,0,0,0,0,73.0662503052
Bicep_03_YN,150,0,0,0,0,0,73.1351782857
Bicep_03_YN,151,0,0,0,0,0,73.1590640481
Bicep_03_YN,152,0,0,0,0,0,73.1750571875
Bicep_03_YN,153,0,0,0,0,0,73.2183117152
Bicep_03_YN,154,0,0,0,0,0,73.2834742848
Bicep_03_YN,155,0,0,0,0,0,73.3667521848
Bicep_03_YN,156,0,0,0,0,0,73.465334122
Bicep_03_YN,157,0,0,0,0,0,73.5770416093
Bicep_03_YN,158,0,0,0,0,0,73.7001297628
Bicep_03_YN,159,0,0,0,0,0,73.8331443749
Bicep_03_YN,160,0,0,0,0,0,73.9748264736
Bicep_03_YN,161,0,0,0,0,0,74.1240439705
Bicep_03_YN,162,0,0,0,0,0,74.2797035421
Bicep_03_YN,163,0,0,0,0,0,74.4407137666
Bicep_03_YN,164,0,0,0,0,0,74.6058981455
Bicep_03_YN,165,0,0,0,0,0,74.7738968739
Bicep_03_YN,166,0,0,0,0,0,74.9430063213
Bicep_03_YN,167,0,0,0,0,0,75.1109336687
Bicep_03_YN,168,0,0,0,0,0,75.2742319865
Bicep_03_YN,169,0,0,0,0,0,75.427008714
Bicep_03_YN,170,0,0,0,0,0,75.5570378916
Bicep_03_YN,171,0,0,0,0,0,75.6262585384
Bicep_03_YN,172,0,0,0,0,0,74.5457867131
Bicep_03_YN,173,0,0,0,0,0,69.8658016316
Bicep_03_YN,174,0,0,0,0,0,61.1263073584
Bicep_03_YN,175,0,0,0,0,0,55.0975467401
Bicep_03_YN,176,0,0,0,0,0,52.6410511338
Bicep_03_YN,177,0,0,0,0,0,51.4372380733
Bicep_03_YN,178,0,0,0,0,0,50.4097386183
Bicep_03_YN,179,0,0,0,0,0,49.5815176307
Bicep_03_YN,180,0,0,0,0,0,48.9484733844
Bicep_03_YN,181,0,0,0,0,0,48.4740279388
Bicep_03_YN,182,0,0,0,0,0,48.1607006835
Bicep_03_YN,183,0,0,0,0,0,47.9998391394
Bicep_03_YN,184,0,0,0,0,0,47.9626518813
Bicep_03_YN,185,0,0,0,0,0,48.052990578
Bicep_03_YN,186,0,0,0,0,0,48.2515012931
Bicep_03_YN,187,0,0,0,0,0,48.542816079
Bicep_03_YN,188,0,0,0,0,0,48.909719606
Bicep_03_YN,189,0,0,0,0,0,49.3335104253
Bicep_03_YN,190,0,0,0,0,0,49.7939217336
Bicep_03_YN,191,0,0,0,0,0,50.2687221158
Bicep_03_YN,192,0,0,0,0,0,50.7330820751
Bicep_03_YN,193,0,0,0,0,0,51.1587876582
Bicep_03_YN,194,0,0,0,0,0,51.5134381877
Bicep_03_YN,195,0,0,0,0,0,51.7593896737
Bicep_03_YN,196,0,0,0,0,0,51.8524831945
Bicep_03_YN,197,0,0,0,0,0,51.8524831945
Bicep_03_YN,198,0,0,0,0,0,51.8524831945
Bicep_03_YN,199,0,0,0,0,0,51.8524831945
Bicep_03_YN,200,0,0,0,0,0,51.8524831945
Bicep_03_YN,201,0,0,0,0,0,51.8524831945
Bicep_03_YN,202,0,0,0,0,0,51.8524831945
Bicep_03_YN,203,0,0,0,0,0,51.8524831945
Bicep_03_YN,204,0,0,0,0,0,51.8524831945
Bicep_03_YN,205,0,0,0,0,0,51.8524831945
Bicep_03_YN,206,0,0,0,0,0,51.8524831945
Bicep_03_YN,207,0,0,0,0,0,51.8524831945
Bicep_03_YN,208,0,0,0,0,0,51.8524831945
Bicep_03_YN,209,0,0,0,0,0,51.8524831945
Bicep_03_YN,210,0,0,0,0,0,51.8524831945
Bicep_03_YN,211,0,0,0,0,0,51.8524831945
Bicep_03_YN,212,0,0,0,0,0,51.8524831945
Bicep_03_YN,213,0,0,0,0,0,51.8524831945
Bicep_03_YN,214,0,0,0,0,0,51.8524831945
Bicep_03_YN,215,0,0,0,0,0,51.8524831945
Bicep_03_YN,216,0,0,0,0,0,51.8524831945
Bicep_03_YN,217,0,0,0,0,0,51.8524831945
Bicep_03_YN,218,0,0,0,0,0,51.8524831945
Bicep_03_YN,219,0,0,0,0,0,51.8524831945
Bicep_03_YN,220,0,0,0,0,0,51.8524831945
Bicep_03_YN,221,0,0,0,0,0,51.8524831945
Bicep_03_YN,222,0,0,0,0,0,51.8524831945
Bicep_03_YN,223,0,0,0,0,0,51.8524831945
Bicep_03_YN,224,0,0,0,0,0,51.8524831945
Bicep_03_YN,225,0,0,0,0,0,51.8524831945
Bicep_03_YN,226,0,0,0,0,0,51.8524831945
Bicep_03_YN,227,0,0,0,0,0,51.8524831945
Bicep_03_YN,228,0,0,0,0,0,51.8524831945
Bicep_03_YN,229,0,0,0,0,0,51.8524831945
Bicep_03_YN,230,0,0,0,0,0,51.8524831945
Bicep_03_YN,231,0,0,0,0,0,51.8524831945
Bicep_03_YN,232,0,0,0,0,0,51.8524831945
Bicep_03_YN,233,0,0,0,0,0,51.8524831945
Bicep_03_YN,234,0,0,0,0,0,51.8524831945
Bicep_03_YN,235,0,0,0,0,0,51.8524831945
Bicep_03_YN,236,0,0,0,0,0,51.8524831945
Bicep_03_YN,237,0,0,0,0,0,51.8524831945
Bicep_03_YN,238,0,0,0,0,0,51.8524831945
Bicep_03_YN,239,0,0,0,0,0,51.8524831945
Bicep_03_YN,240,0,0,0,0,0,51.8524831945
Bicep_03_YN,241,0,0,0,0,0,51.8524831945
Bicep_03_YN,242,0,0,0,0,0,51.8524831945
Bicep_03_YN,243,0,0,0,0,0,51.8524831945
Bicep_03_YN,244,0,0,0,0,0,51.8524831945
Bicep_03_YN,245,0,0,0,0,0,51.8524831945
Bicep_03_YN,246,0,0,0,0,0,51.8524831945
Bicep_03_YN,247,0,0,0,0,0,51.8524831945
Bicep_03_YN,247,0,0,0,0,0,51.8524831945
Bicep_03_YN,248,0,0,0,0,0,51.8524831945
Bicep_03_YN,249,0,0,0,0,0,51.8524831945
Bicep_03_YN,250,0,0,0,0,0,51.8524831945
Forearm_04_ZN,0,0,0,0,0,0,27.9597415725
Forearm_04_ZN,1,0,0,0,0,0,27.9694162148
Forearm_04_ZN,2,0,0,0,0,0,27.9973465605
Forearm_04_ZN,3,0,0,0,0,0,28.0413236121
Forearm_04_ZN,4,0,0,0,0,0,28.0984798312
Forearm_04_ZN,5,0,0,0,0,0,28.1654311913
Forearm_04_ZN,6,0,0,0,0,0,28.2383719869
Forearm_04_ZN,7,0,0,0,0,0,28.3132038523
Forearm_04_ZN,8,0,0,0,0,0,28.3856054588
Forearm_04_ZN,9,0,0,0,0,0,28.4511467753
Forearm_04_ZN,10,0,0,0,0,0,28.5053382782
Forearm_04_ZN,11,0,0,0,0,0,28.5437432357
Forearm_04_ZN,12,0,0,0,0,0,28.5620048324
Forearm_04_ZN,13,0,0,0,0,0,28.5559343179
Forearm_04_ZN,14,0,0,0,0,0,28.521558239
Forearm_04_ZN,15,0,0,0,0,0,28.4551494365
Forearm_04_ZN,16,0,0,0,0,0,28.3533281265
Forearm_04_ZN,17,0,0,0,0,0,28.2130171986
Forearm_04_ZN,18,0,0,0,0,0,28.031582977
Forearm_04_ZN,19,0,0,0,0,0,27.8068115696
Forearm_04_ZN,20,0,0,0,0,0,27.5369923275
Forearm_04_ZN,21,0,0,0,0,0,27.2208530639
Forearm_04_ZN,22,0,0,0,0,0,26.8578232222
Forearm_04_ZN,23,0,0,0,0,0,26.4477750645
Forearm_04_ZN,24,0,0,0,0,0,25.99130373
Forearm_04_ZN,25,0,0,0,0,0,25.4896142476
Forearm_04_ZN,26,0,0,0,0,0,24.9445477667
Forearm_04_ZN,27,0,0,0,0,0,24.3463897784
Forearm_04_ZN,28,0,0,0,0,0,23.7281704641
Forearm_04_ZN,29,0,0,0,0,0,23.0735025283
Forearm_04_ZN,30,0,0,0,0,0,22.3866336777
Forearm_04_ZN,31,0,0,0,0,0,21.6726387633
Forearm_04_ZN,32,0,0,0,0,0,20.9371108408
Forearm_04_ZN,33,0,0,0,0,0,20.1743695758
Forearm_04_ZN,34,0,0,0,0,0,19.4203532321
Forearm_04_ZN,35,0,0,0,0,0,18.6602732123
Forearm_04_ZN,36,0,0,0,0,0,17.9021081484
Forearm_04_ZN,37,0,0,0,0,0,17.1542305488
Forearm_04_ZN,38,0,0,0,0,0,16.4083437873
Forearm_04_ZN,39,0,0,0,0,0,15.7150206083
Forearm_04_ZN,40,0,0,0,0,0,15.0536188149
Forearm_04_ZN,41,0,0,0,0,0,14.4342493956
Forearm_04_ZN,42,0,0,0,0,0,13.8669353063
Forearm_04_ZN,43,0,0,0,0,0,13.3614934694
Forearm_04_ZN,44,0,0,0,0,0,12.9277040105
Forearm_04_ZN,45,0,0,0,0,0,12.574960136
Forearm_04_ZN,46,0,0,0,0,0,12.2935503531
Forearm_04_ZN,47,0,0,0,0,0,12.1325261331
Forearm_04_ZN,48,0,0,0,0,0,12.0770509786
Forearm_04_ZN,49,0,0,0,0,0,12.0770509786
Forearm_04_ZN,50,0,0,0,0,0,12.0770509786
Forearm_04_ZN,51,0,0,0,0,0,12.0770509786
Forearm_04_ZN,52,0,0,0,0,0,12.0770509786
Forearm_04_ZN,53,0,0,0,0,0,12.0770509786
Forearm_04_ZN,54,0,0,0,0,0,12.0770509786
Forearm_04_ZN,55,0,0,0,0,0,12.0770509786
Forearm_04_ZN,56,0,0,0,0,0,12.0770509786
Forearm_04_ZN,57,0,0,0,0,0,12.0770509786
Forearm_04_ZN,58,0,0,0,0,0,12.0770509786
Forearm_04_ZN,59,0,0,0,0,0,12.0770509786
Forearm_04_ZN,60,0,0,0,0,0,12.0770509786
Forearm_04_ZN,61,0,0,0,0,0,12.0770509786
Forearm_04_ZN,62,0,0,0,0,0,12.0770509786
Forearm_04_ZN,63,0,0,0,0,0,12.0770509786
Forearm_04_ZN,64,0,0,0,0,0,12.0770509786
Forearm_04_ZN,65,0,0,0,0,0,12.0770509786
Forearm_04_ZN,66,0,0,0,0,0,12.0770509786
Forearm_04_ZN,67,0,0,0,0,0,12.0770509786
Forearm_04_ZN,68,0,0,0,0,0,12.0770509786
Forearm_04_ZN,69,0,0,0,0,0,12.0770509786
Forearm_04_ZN,70,0,0,0,0,0,12.0770509786
Forearm_04_ZN,71,0,0,0,0,0,12.0770509786
Forearm_04_ZN,72,0,0,0,0,0,12.0770509786
Forearm_04_ZN,73,0,0,0,0,0,12.0770509786
Forearm_04_ZN,74,0,0,0,0,0,12.0770509786
Forearm_04_ZN,75,0,0,0,0,0,12.0770509786
Forearm_04_ZN,76,0,0,0,0,0,12.0770509786
Forearm_04_ZN,77,0,0,0,0,0,12.0770509786
Forearm_04_ZN,78,0,0,0,0,0,12.0770509786
Forearm_04_ZN,79,0,0,0,0,0,12.0770509786
Forearm_04_ZN,80,0,0,0,0,0,12.0770509786
Forearm_04_ZN,81,0,0,0,0,0,12.0770509786
Forearm_04_ZN,82,0,0,0,0,0,12.0770509786
Forearm_04_ZN,83,0,0,0,0,0,12.0770509786
Forearm_04_ZN,84,0,0,0,0,0,12.0770509786
Forearm_04_ZN,85,0,0,0,0,0,12.0770509786
Forearm_04_ZN,86,0,0,0,0,0,12.0770509786
Forearm_04_ZN,87,0,0,0,0,0,12.0770509786
Forearm_04_ZN,88,0,0,0,0,0,12.0770509786
Forearm_04_ZN,89,0,0,0,0,0,12.0770509786
Forearm_04_ZN,90,0,0,0,0,0,12.0770509786
Forearm_04_ZN,91,0,0,0,0,0,12.1074589313
Forearm_04_ZN,92,0,0,0,0,0,12.2055451776
Forearm_04_ZN,93,0,0,0,0,0,12.382280196
Forearm_04_ZN,94,0,0,0,0,0,12.674326477
Forearm_04_ZN,95,0,0,0,0,0,13.0481728863
Forearm_04_ZN,96,0,0,0,0,0,13.5291093989
Forearm_04_ZN,97,0,0,0,0,0,14.1104752033
Forearm_04_ZN,98,0,0,0,0,0,14.7679319891
Forearm_04_ZN,99,0,0,0,0,0,15.4588216102
Forearm_04_ZN,100,0,0,0,0,0,16.1323140139
Forearm_04_ZN,101,0,0,0,0,0,16.7684997967
Forearm_04_ZN,102,0,0,0,0,0,17.3096318794
Forearm_04_ZN,103,0,0,0,0,0,17.7609625939
Forearm_04_ZN,104,0,0,0,0,0,18.1261028675
Forearm_04_ZN,105,0,0,0,0,0,18.4139962024
Forearm_04_ZN,106,0,0,0,0,0,18.7049687126
Forearm_04_ZN,107,0,0,0,0,0,19.0416311621
Forearm_04_ZN,108,0,0,0,0,0,19.3898986185
Forearm_04_ZN,109,0,0,0,0,0,19.7263319679
Forearm_04_ZN,110,0,0,0,0,0,20.0341803788
Forearm_04_ZN,111,0,0,0,0,0,20.3011915552
Forearm_04_ZN,112,0,0,0,0,0,20.5183567415
Forearm_04_ZN,113,0,0,0,0,0,20.678964427
Forearm_04_ZN,114,0,0,0,0,0,20.797966309
Forearm_04_ZN,115,0,0,0,0,0,20.8325424737
Forearm_04_ZN,116,0,0,0,0,0,20.7983129442
Forearm_04_ZN,117,0,0,0,0,0,20.6753063703
Forearm_04_ZN,118,0,0,0,0,0,20.5016597549
Forearm_04_ZN,119,0,0,0,0,0,20.2569177775
Forearm_04_ZN,120,0,0,0,0,0,19.9410460242
Forearm_04_ZN,121,0,0,0,0,0,19.554416568
Forearm_04_ZN,122,0,0,0,0,0,19.0978324241
Forearm_04_ZN,123,0,0,0,0,0,18.5723827934
Forearm_04_ZN,124,0,0,0,0,0,17.9795018077
Forearm_04_ZN,125,0,0,0,0,0,17.3207190993
Forearm_04_ZN,126,0,0,0,0,0,16.5777752294
Forearm_04_ZN,127,0,0,0,0,0,15.8008140842
Forearm_04_ZN,128,0,0,0,0,0,14.9545079818
Forearm_04_ZN,129,0,0,0,0,0,14.0365613462
Forearm_04_ZN,130,0,0,0,0,0,13.0414490468
Forearm_04_ZN,131,0,0,0,0,0,11.9248391074
Forearm_04_ZN,132,0,0,0,0,0,10.7023750625
Forearm_04_ZN,133,0,0,0,0,0,9.34956684753
Forearm_04_ZN,134,0,0,0,0,0,7.86381438365
Forearm_04_ZN,135,0,0,0,0,0,6.30549747106
Forearm_04_ZN,136,0,0,0,0,0,4.64428437574
Forearm_04_ZN,137,0,0,0,0,0,2.8977023486
Forearm_04_ZN,138,0,0,0,0,0,1.11001037859
Forearm_04_ZN,139,0,0,0,0,0,-0.721672877289
Forearm_04_ZN,140,0,0,0,0,0,-2.55693809202
Forearm_04_ZN,141,0,0,0,0,0,-4.39494747618
Forearm_04_ZN,142,0,0,0,0,0,-6.17541193447
Forearm_04_ZN,143,0,0,0,0,0,-7.88550717787
Forearm_04_ZN,144,0,0,0,0,0,-9.47701807663
Forearm_04_ZN,145,0,0,0,0,0,-10.9105421659
Forearm_04_ZN,146,0,0,0,0,0,-12.1751561413
Forearm_04_ZN,147,0,0,0,0,0,-13.2039676313
Forearm_04_ZN,148,0,0,0,0,0,-13.9723008949
Forearm_04_ZN,149,0,0,0,0,0,-14.450098647
Forearm_04_ZN,150,0,0,0,0,0,-14.6135629235
Forearm_04_ZN,151,0,0,0,0,0,-14.6081361841
Forearm_04_ZN,152,0,0,0,0,0,-14.5935458884
Forearm_04_ZN,153,0,0,0,0,0,-14.571803238
Forearm_04_ZN,154,0,0,0,0,0,-14.5444277455
Forearm_04_ZN,155,0,0,0,0,0,-14.5126112622
Forearm_04_ZN,156,0,0,0,0,0,-14.4773204789
Forearm_04_ZN,157,0,0,0,0,0,-14.4393566466
Forearm_04_ZN,158,0,0,0,0,0,-14.3993994685
Forearm_04_ZN,159,0,0,0,0,0,-14.3580363759
Forearm_04_ZN,160,0,0,0,0,0,-14.3157831177
Forearm_04_ZN,161,0,0,0,0,0,-14.2731084977
Forearm_04_ZN,162,0,0,0,0,0,-14.2304426012
Forearm_04_ZN,163,0,0,0,0,0,-14.1881967505
Forearm_04_ZN,164,0,0,0,0,0,-14.1467823572
Forearm_04_ZN,165,0,0,0,0,0,-14.1066399217
Forearm_04_ZN,166,0,0,0,0,0,-14.0682799011
Forearm_04_ZN,167,0,0,0,0,0,-14.0323825602
Forearm_04_ZN,168,0,0,0,0,0,-14.0000277291
Forearm_04_ZN,169,0,0,0,0,0,-13.9734097103
Forearm_04_ZN,170,0,0,0,0,0,-13.9595796164
Forearm_04_ZN,171,0,0,0,0,0,-13.9119588742
Forearm_04_ZN,172,0,0,0,0,0,-13.5428086321
Forearm_04_ZN,173,0,0,0,0,0,-12.175520247
Forearm_04_ZN,174,0,0,0,0,0,-10.191803625
Forearm_04_ZN,175,0,0,0,0,0,-8.32637642438
Forearm_04_ZN,176,0,0,0,0,0,-5.92985186018
Forearm_04_ZN,177,0,0,0,0,0,-3.18119656758
Forearm_04_ZN,178,0,0,0,0,0,-0.553010584672
Forearm_04_ZN,179,0,0,0,0,0,1.82670057861
Forearm_04_ZN,180,0,0,0,0,0,3.95802414643
Forearm_04_ZN,181,0,0,0,0,0,5.80043691836
Forearm_04_ZN,182,0,0,0,0,0,7.34698781622
Forearm_04_ZN,183,0,0,0,0,0,8.63068175361
Forearm_04_ZN,184,0,0,0,0,0,9.63589137323
Forearm_04_ZN,185,0,0,0,0,0,10.3878290334
Forearm_04_ZN,186,0,0,0,0,0,10.9071550491
Forearm_04_ZN,187,0,0,0,0,0,11.2188016572
Forearm_04_ZN,188,0,0,0,0,0,11.3510458966
Forearm_04_ZN,189,0,0,0,0,0,11.3350134575
Forearm_04_ZN,190,0,0,0,0,0,11.2048375478
Forearm_04_ZN,191,0,0,0,0,0,10.9980240706
Forearm_04_ZN,192,0,0,0,0,0,10.7557771895
Forearm_04_ZN,193,0,0,0,0,0,10.5229734107
Forearm_04_ZN,194,0,0,0,0,0,10.3475517246
Forearm_04_ZN,195,0,0,0,0,0,10.2785534125
Forearm_04_ZN,196,0,0,0,0,0,10.2785534125
Forearm_04_ZN,197,0,0,0,0,0,10.2785534125
Forearm_04_ZN,198,0,0,0,0,0,10.2785534125
Forearm_04_ZN,199,0,0,0,0,0,10.2785534125
Forearm_04_ZN,200,0,0,0,0,0,10.2785534125
Forearm_04_ZN,201,0,0,0,0,0,10.2785534125
Forearm_04_ZN,202,0,0,0,0,0,10.2785534125
Forearm_04_ZN,203,0,0,0,0,0,10.2785534125
Forearm_04_ZN,204,0,0,0,0,0,10.2785534125
Forearm_04_ZN,205,0,0,0,0,0,10.2785534125
Forearm_04_ZN,206,0,0,0,0,0,10.2785534125
Forearm_04_ZN,207,0,0,0,0,0,10.2785534125
Forearm_04_ZN,208,0,0,0,0,0,10.2785534125
Forearm_04_ZN,209,0,0,0,0,0,10.2785534125
Forearm_04_ZN,210,0,0,0,0,0,10.2785534125
Forearm_04_ZN,211,0,0,0,0,0,10.2785534125
Forearm_04_ZN,212,0,0,0,0,0,10.2785534125
Forearm_04_ZN,213,0,0,0,0,0,10.2785534125
Forearm_04_ZN,214,0,0,0,0,0,10.2785534125
Forearm_04_ZN,215,0,0,0,0,0,10.2785534125
Forearm_04_ZN,216,0,0,0,0,0,10.2785534125
Forearm_04_ZN,217,0,0,0,0,0,10.2785534125
Forearm_04_ZN,218,0,0,0,0,0,10.2785534125
Forearm_04_ZN,219,0,0,0,0,0,10.2785534125
Forearm_04_ZN,220,0,0,0,0,0,10.2785534125
Forearm_04_ZN,221,0,0,0,0,0,10.2785534125
Forearm_04_ZN,222,0,0,0,0,0,10.2785534125
Forearm_04_ZN,223,0,0,0,0,0,10.2785534125
Forearm_04_ZN,224,0,0,0,0,0,10.2785534125
Forearm_04_ZN,225,0,0,0,0,0,10.2785534125
Forearm_04_ZN,226,0,0,0,0,0,10.2785534125
Forearm_04_ZN,227,0,0,0,0,0,10.2785534125
Forearm_04_ZN,228,0,0,0,0,0,10.2785534125
Forearm_04_ZN,229,0,0,0,0,0,10.2785534125
Forearm_04_ZN,230,0,0,0,0,0,10.2785534125
Forearm_04_ZN,231,0,0,0,0,0,10.2785534125
Forearm_04_ZN,232,0,0,0,0,0,10.2785534125
Forearm_04_ZN,233,0,0,0,0,0,10.2785534125
Forearm_04_ZN,234,0,0,0,0,0,10.2785534125
Forearm_04_ZN,235,0,0,0,0,0,10.2785534125
Forearm_04_ZN,236,0,0,0,0,0,10.2785534125
Forearm_04_ZN,237,0,0,0,0,0,10.2785534125
Forearm_04_ZN,238,0,0,0,0,0,10.2785534125
Forearm_04_ZN,239,0,0,0,0,0,10.2785534125
Forearm_04_ZN,240,0,0,0,0,0,10.2785534125
Forearm_04_ZN,241,0,0,0,0,0,10.2785534125
Forearm_04_ZN,242,0,0,0,0,0,10.2785534125
Forearm_04_ZN,243,0,0,0,0,0,10.2785534125
Forearm_04_ZN,244,0,0,0,0,0,10.2785534125
Forearm_04_ZN,244,0,0,0,0,0,10.2785534125
Forearm_04_ZN,245,0,0,0,0,0,10.2785534125
Forearm_04_ZN,246,0,0,0,0,0,10.2785534125
Forearm_04_ZN,247,0,0,0,0,0,10.2785534125
Forearm_04_ZN,248,0,0,0,0,0,10.2785534125
Forearm_04_ZN,249,0,0,0,0,0,10.2785534125
Forearm_04_ZN,250,0,0,0,0,0,10.2785534125
TuningFork_05_UN,0,0,0,0,0,89.8102238825,0
TuningFork_05_UN,1,0,0,0,0,89.8102238825,0
TuningFork_05_UN,2,0,0,0,0,89.8102238825,0
TuningFork_05_UN,3,0,0,0,0,89.8102238825,0
TuningFork_05_UN,4,0,0,0,0,89.8102238825,0
TuningFork_05_UN,5,0,0,0,0,89.8102238825,0
TuningFork_05_UN,6,0,0,0,0,89.8102238825,0
TuningFork_05_UN,7,0,0,0,0,89.8102238825,0
TuningFork_05_UN,8,0,0,0,0,89.8102238825,0
TuningFork_05_UN,9,0,0,0,0,89.8102238825,0
TuningFork_05_UN,10,0,0,0,0,89.8102238825,0
TuningFork_05_UN,11,0,0,0,0,89.8102238825,0
TuningFork_05_UN,12,0,0,0,0,89.8102238825,0
TuningFork_05_UN,13,0,0,0,0,89.8102238825,0
TuningFork_05_UN,14,0,0,0,0,89.8102238825,0
TuningFork_05_UN,15,0,0,0,0,89.8102238825,0
TuningFork_05_UN,16,0,0,0,0,89.8102238825,0
TuningFork_05_UN,17,0,0,0,0,89.8102238825,0
TuningFork_05_UN,18,0,0,0,0,89.8102238825,0
TuningFork_05_UN,19,0,0,0,0,89.8102238825,0
TuningFork_05_UN,20,0,0,0,0,89.8102238825,0
TuningFork_05_UN,21,0,0,0,0,89.8102238825,0
TuningFork_05_UN,22,0,0,0,0,89.8102238825,0
TuningFork_05_UN,23,0,0,0,0,89.8102238825,0
TuningFork_05_UN,24,0,0,0,0,89.8102238825,0
TuningFork_05_UN,25,0,0,0,0,89.8102238825,0
TuningFork_05_UN,26,0,0,0,0,89.8102238825,0
TuningFork_05_UN,27,0,0,0,0,89.8102238825,0
TuningFork_05_UN,28,0,0,0,0,89.8102238825,0
TuningFork_05_UN,29,0,0,0,0,89.8102238825,0
TuningFork_05_UN,30,0,0,0,0,89.8102238825,0
TuningFork_05_UN,31,0,0,0,0,89.8102238825,0
TuningFork_05_UN,32,0,0,0,0,89.8102238825,0
TuningFork_05_UN,33,0,0,0,0,89.8102238825,0
TuningFork_05_UN,34,0,0,0,0,89.8102238825,0
TuningFork_05_UN,35,0,0,0,0,89.8102238825,0
TuningFork_05_UN,36,0,0,0,0,89.8102238825,0
TuningFork_05_UN,37,0,0,0,0,89.8102238825,0
TuningFork_05_UN,38,0,0,0,0,89.8102238825,0
TuningFork_05_UN,39,0,0,0,0,89.8102238825,0
TuningFork_05_UN,40,0,0,0,0,89.8102238825,0
TuningFork_05_UN,41,0,0,0,0,89.8102238825,0
TuningFork_05_UN,42,0,0,0,0,89.8102238825,0
TuningFork_05_UN,43,0,0,0,0,89.8102238825,0
TuningFork_05_UN,44,0,0,0,0,89.8102238825,0
TuningFork_05_UN,45,0,0,0,0,89.8102238825,0
TuningFork_05_UN,46,0,0,0,0,89.8102238825,0
TuningFork_05_UN,47,0,0,0,0,89.8102238825,0
TuningFork_05_UN,48,0,0,0,0,89.8102238825,0
TuningFork_05_UN,49,0,0,0,0,89.8102238825,0
TuningFork_05_UN,50,0,0,0,0,89.8102238825,0
TuningFork_05_UN,51,0,0,0,0,89.8102238825,0
TuningFork_05_UN,52,0,0,0,0,89.8102238825,0
TuningFork_05_UN,53,0,0,0,0,89.8102238825,0
TuningFork_05_UN,54,0,0,0,0,89.8102238825,0
TuningFork_05_UN,55,0,0,0,0,89.8102238825,0
TuningFork_05_UN,56,0,0,0,0,89.8102238825,0
TuningFork_05_UN,57,0,0,0,0,89.8102238825,0
TuningFork_05_UN,58,0,0,0,0,89.8102238825,0
TuningFork_05_UN,59,0,0,0,0,89.8102238825,0
TuningFork_05_UN,60,0,0,0,0,89.8102238825,0
TuningFork_05_UN,61,0,0,0,0,89.8102238825,0
TuningFork_05_UN,62,0,0,0,0,89.8102238825,0
TuningFork_05_UN,63,0,0,0,0,89.8102238825,0
TuningFork_05_UN,64,0,0,0,0,89.8102238825,0
TuningFork_05_UN,65,0,0,0,0,89.8102238825,0
TuningFork_05_UN,66,0,0,0,0,89.8102238825,0
TuningFork_05_UN,67,0,0,0,0,89.8102238825,0
TuningFork_05_UN,68,0,0,0,0,89.8102238825,0
TuningFork_05_UN,69,0,0,0,0,89.8102238825,0
TuningFork_05_UN,70,0,0,0,0,89.8102238825,0
TuningFork_05_UN,71,0,0,0,0,89.8102238825,0
TuningFork_05_UN,72,0,0,0,0,89.8102238825,0
TuningFork_05_UN,73,0,0,0,0,89.8102238825,0
TuningFork_05_UN,74,0,0,0,0,89.8102238825,0
TuningFork_05_UN,75,0,0,0,0,89.8102238825,0
TuningFork_05_UN,76,0,0,0,0,89.8102238825,0
TuningFork_05_UN,77,0,0,0,0,89.8102238825,0
TuningFork_05_UN,78,0,0,0,0,89.8102238825,0
TuningFork_05_UN,79,0,0,0,0,89.8102238825,0
TuningFork_05_UN,80,0,0,0,0,89.8102238825,0
TuningFork_05_UN,81,0,0,0,0,89.8102238825,0
TuningFork_05_UN,82,0,0,0,0,89.8102238825,0
TuningFork_05_UN,83,0,0,0,0,89.8102238825,0
TuningFork_05_UN,84,0,0,0,0,89.8102238825,0
TuningFork_05_UN,85,0,0,0,0,89.8102238825,0
TuningFork_05_UN,86,0,0,0,0,89.8102238825,0
TuningFork_05_UN,87,0,0,0,0,89.8102238825,0
TuningFork_05_UN,88,0,0,0,0,89.8102238825,0
TuningFork_05_UN,89,0,0,0,0,89.8102238825,0
TuningFork_05_UN,90,0,0,0,0,89.8102238825,0
TuningFork_05_UN,91,0,0,0,0,89.8102238825,0
TuningFork_05_UN,92,0,0,0,0,89.8102238825,0
TuningFork_05_UN,93,0,0,0,0,89.8102238825,0
TuningFork_05_UN,94,0,0,0,0,89.8102238825,0
TuningFork_05_UN,95,0,0,0,0,89.8102238825,0
TuningFork_05_UN,96,0,0,0,0,89.8102238825,0
TuningFork_05_UN,97,0,0,0,0,89.8102238825,0
TuningFork_05_UN,98,0,0,0,0,89.8102238825,0
TuningFork_05_UN,99,0,0,0,0,89.8102238825,0
TuningFork_05_UN,100,0,0,0,0,89.8102238825,0
TuningFork_05_UN,101,0,0,0,0,89.8102238825,0
TuningFork_05_UN,102,0,0,0,0,89.8102238825,0
TuningFork_05_UN,103,0,0,0,0,89.8102238825,0
TuningFork_05_UN,104,0,0,0,0,89.8102238825,0
TuningFork_05_UN,105,0,0,0,0,89.8102238825,0
TuningFork_05_UN,106,0,0,0,0,89.8102238825,0
TuningFork_05_UN,107,0,0,0,0,89.8102238825,0
TuningFork_05_UN,108,0,0,0,0,89.8102238825,0
TuningFork_05_UN,109,0,0,0,0,89.8102238825,0
TuningFork_05_UN,110,0,0,0,0,89.8102238825,0
TuningFork_05_UN,111,0,0,0,0,89.8102238825,0
TuningFork_05_UN,112,0,0,0,0,89.8102238825,0
TuningFork_05_UN,113,0,0,0,0,89.8102238825,0
TuningFork_05_UN,114,0,0,0,0,89.8102238825,0
TuningFork_05_UN,115,0,0,0,0,89.8102238825,0
TuningFork_05_UN,116,0,0,0,0,89.8102238825,0
TuningFork_05_UN,117,0,0,0,0,89.8102238825,0
TuningFork_05_UN,118,0,0,0,0,89.8102238825,0
TuningFork_05_UN,119,0,0,0,0,89.8102238825,0
TuningFork_05_UN,120,0,0,0,0,89.8102238825,0
TuningFork_05_UN,121,0,0,0,0,89.8102238825,0
TuningFork_05_UN,122,0,0,0,0,89.8102238825,0
TuningFork_05_UN,123,0,0,0,0,89.8102238825,0
TuningFork_05_UN,124,0,0,0,0,89.8102238825,0
TuningFork_05_UN,125,0,0,0,0,89.8102238825,0
TuningFork_05_UN,126,0,0,0,0,89.8102238825,0
TuningFork_05_UN,127,0,0,0,0,89.8102238825,0
TuningFork_05_UN,128,0,0,0,0,89.8102238825,0
TuningFork_05_UN,129,0,0,0,0,89.8102238825,0
TuningFork_05_UN,130,0,0,0,0,89.8102238825,0
TuningFork_05_UN,131,0,0,0,0,89.8009368148,0
TuningFork_05_UN,132,0,0,0,0,89.7737126824,0
TuningFork_05_UN,133,0,0,0,0,89.7295002883,0
TuningFork_05_UN,134,0,0,0,0,89.6692531846,0
TuningFork_05_UN,135,0,0,0,0,89.593916358,0
TuningFork_05_UN,136,0,0,0,0,89.5044444377,0
TuningFork_05_UN,137,0,0,0,0,89.401787194,0
TuningFork_05_UN,138,0,0,0,0,89.2868843235,0
TuningFork_05_UN,139,0,0,0,0,89.1606713515,0
TuningFork_05_UN,140,0,0,0,0,89.0241127252,0
TuningFork_05_UN,141,0,0,0,0,88.8781439335,0
TuningFork_05_UN,142,0,0,0,0,88.7237092429,0
TuningFork_05_UN,143,0,0,0,0,88.5617524883,0
TuningFork_05_UN,144,0,0,0,0,88.3932039825,0
TuningFork_05_UN,145,0,0,0,0,88.2190189982,0
TuningFork_05_UN,146,0,0,0,0,88.0401264825,0
TuningFork_05_UN,147,0,0,0,0,87.8574820674,0
TuningFork_05_UN,148,0,0,0,0,87.6720136221,0
TuningFork_05_UN,149,0,0,0,0,87.484662502,0
TuningFork_05_UN,150,0,0,0,0,87.2963700624,0
TuningFork_05_UN,151,0,0,0,0,87.1080920072,0
TuningFork_05_UN,152,0,0,0,0,86.9207408871,0
TuningFork_05_UN,153,0,0,0,0,86.7352724419,0
TuningFork_05_UN,154,0,0,0,0,86.5526280268,0
TuningFork_05_UN,155,0,0,0,0,86.3737355111,0
TuningFork_05_UN,156,0,0,0,0,86.1995505268,0
TuningFork_05_UN,157,0,0,0,0,86.0310020209,0
TuningFork_05_UN,158,0,0,0,0,85.8690452664,0
TuningFork_05_UN,159,0,0,0,0,85.7146105757,0
TuningFork_05_UN,160,0,0,0,0,85.568641784,0
TuningFork_05_UN,161,0,0,0,0,85.4320831577,0
TuningFork_05_UN,162,0,0,0,0,85.3058701858,0
TuningFork_05_UN,163,0,0,0,0,85.1909673152,0
TuningFork_05_UN,164,0,0,0,0,85.0883100715,0
TuningFork_05_UN,165,0,0,0,0,84.9988381512,0
TuningFork_05_UN,166,0,0,0,0,84.9235013246,0
TuningFork_05_UN,167,0,0,0,0,84.8632542209,0
TuningFork_05_UN,168,0,0,0,0,84.8190418268,0
TuningFork_05_UN,169,0,0,0,0,84.7918176945,0
TuningFork_05_UN,170,0,0,0,0,84.7825306267,0
TuningFork_05_UN,171,0,0,0,0,84.7825306267,0
TuningFork_05_UN,172,0,0,0,0,84.7825306267,0
TuningFork_05_UN,173,0,0,0,0,84.7825306267,0
TuningFork_05_UN,174,0,0,0,0,84.7825306267,0
TuningFork_05_UN,175,0,0,0,0,84.7825306267,0
TuningFork_05_UN,176,0,0,0,0,84.7825306267,0
TuningFork_05_UN,177,0,0,0,0,84.7825306267,0
TuningFork_05_UN,178,0,0,0,0,84.7825306267,0
TuningFork_05_UN,179,0,0,0,0,84.7825306267,0
TuningFork_05_UN,180,0,0,0,0,84.7825306267,0
TuningFork_05_UN,181,0,0,0,0,84.7825306267,0
TuningFork_05_UN,182,0,0,0,0,84.7825306267,0
TuningFork_05_UN,183,0,0,0,0,84.7825306267,0
TuningFork_05_UN,184,0,0,0,0,84.7825306267,0
TuningFork_05_UN,185,0,0,0,0,84.7825306267,0
TuningFork_05_UN,186,0,0,0,0,84.7825306267,0
TuningFork_05_UN,187,0,0,0,0,84.7825306267,0
TuningFork_05_UN,188,0,0,0,0,84.7825306267,0
TuningFork_05_UN,189,0,0,0,0,84.7825306267,0
TuningFork_05_UN,190,0,0,0,0,84.7825306267,0
TuningFork_05_UN,191,0,0,0,0,84.7825306267,0
TuningFork_05_UN,192,0,0,0,0,84.7825306267,0
TuningFork_05_UN,193,0,0,0,0,84.7825306267,0
TuningFork_05_UN,194,0,0,0,0,84.7825306267,0
TuningFork_05_UN,195,0,0,0,0,84.7825306267,0
TuningFork_05_UN,196,0,0,0,0,84.7825306267,0
TuningFork_05_UN,197,0,0,0,0,84.7825306267,0
TuningFork_05_UN,198,0,0,0,0,84.7825306267,0
TuningFork_05_UN,199,0,0,0,0,84.7825306267,0
TuningFork_05_UN,200,0,0,0,0,84.7825306267,0
TuningFork_05_UN,201,0,0,0,0,84.7825306267,0
TuningFork_05_UN,202,0,0,0,0,84.7825306267,0
TuningFork_05_UN,203,0,0,0,0,84.7825306267,0
TuningFork_05_UN,204,0,0,0,0,84.7825306267,0
TuningFork_05_UN,205,0,0,0,0,84.7825306267,0
TuningFork_05_UN,206,0,0,0,0,84.7825306267,0
TuningFork_05_UN,207,0,0,0,0,84.7825306267,0
TuningFork_05_UN,208,0,0,0,0,84.7825306267,0
TuningFork_05_UN,209,0,0,0,0,84.7825306267,0
TuningFork_05_UN,210,0,0,0,0,84.7825306267,0
TuningFork_05_UN,211,0,0,0,0,84.7825306267,0
TuningFork_05_UN,212,0,0,0,0,84.7825306267,0
TuningFork_05_UN,213,0,0,0,0,84.7825306267,0
TuningFork_05_UN,214,0,0,0,0,84.7825306267,0
TuningFork_05_UN,215,0,0,0,0,84.7825306267,0
TuningFork_05_UN,216,0,0,0,0,84.7825306267,0
TuningFork_05_UN,217,0,0,0,0,84.7825306267,0
TuningFork_05_UN,218,0,0,0,0,84.7825306267,0
TuningFork_05_UN,219,0,0,0,0,84.7825306267,0
TuningFork_05_UN,220,0,0,0,0,84.7825306267,0
TuningFork_05_UN,221,0,0,0,0,84.7825306267,0
TuningFork_05_UN,222,0,0,0,0,84.7825306267,0
TuningFork_05_UN,223,0,0,0,0,84.7825306267,0
TuningFork_05_UN,224,0,0,0,0,84.7825306267,0
TuningFork_05_UN,225,0,0,0,0,84.7825306267,0
TuningFork_05_UN,226,0,0,0,0,84.7825306267,0
TuningFork_05_UN,227,0,0,0,0,84.7825306267,0
TuningFork_05_UN,228,0,0,0,0,84.7825306267,0
TuningFork_05_UN,229,0,0,0,0,84.7825306267,0
TuningFork_05_UN,230,0,0,0,0,84.7825306267,0
TuningFork_05_UN,231,0,0,0,0,84.7825306267,0
TuningFork_05_UN,232,0,0,0,0,84.7825306267,0
TuningFork_05_UN,233,0,0,0,0,84.7825306267,0
TuningFork_05_UN,234,0,0,0,0,84.7825306267,0
TuningFork_05_UN,235,0,0,0,0,84.7825306267,0
TuningFork_05_UN,236,0,0,0,0,84.7825306267,0
TuningFork_05_UN,237,0,0,0,0,84.7825306267,0
TuningFork_05_UN,238,0,0,0,0,84.7825306267,0
TuningFork_05_UN,239,0,0,0,0,84.7825306267,0
TuningFork_05_UN,240,0,0,0,0,84.7825306267,0
TuningFork_05_UN,241,0,0,0,0,84.7825306267,0
TuningFork_05_UN,242,0,0,0,0,84.7825306267,0
TuningFork_05_UN,242,0,0,0,0,84.7825306267,0
TuningFork_05_UN,243,0,0,0,0,84.7825306267,0
TuningFork_05_UN,244,0,0,0,0,84.7825306267,0
TuningFork_05_UN,245,0,0,0,0,84.7825306267,0
TuningFork_05_UN,246,0,0,0,0,84.7825306267,0
TuningFork_05_UN,247,0,0,0,0,84.7825306267,0
TuningFork_05_UN,248,0,0,0,0,84.7825306267,0
TuningFork_05_UN,249,0,0,0,0,84.7825306267,0
TuningFork_05_UN,250,0,0,0,0,84.7825306267,0
PicassoBox_06_VN,0,0,0,0,0.0,0,0
PicassoBox_06_VN,1,0,0,0,0.0,0,0
PicassoBox_06_VN,2,0,0,0,0.0,0,0
PicassoBox_06_VN,3,0,0,0,0.0,0,0
PicassoBox_06_VN,4,0,0,0,0.0,0,0
PicassoBox_06_VN,5,0,0,0,0.0,0,0
PicassoBox_06_VN,6,0,0,0,0.0,0,0
PicassoBox_06_VN,7,0,0,0,0.0,0,0
PicassoBox_06_VN,8,0,0,0,0.0,0,0
PicassoBox_06_VN,9,0,0,0,0.0,0,0
PicassoBox_06_VN,10,0,0,0,0.0,0,0
PicassoBox_06_VN,11,0,0,0,0.0,0,0
PicassoBox_06_VN,12,0,0,0,0.0,0,0
PicassoBox_06_VN,13,0,0,0,0.0,0,0
PicassoBox_06_VN,14,0,0,0,0.0,0,0
PicassoBox_06_VN,15,0,0,0,0.0,0,0
PicassoBox_06_VN,16,0,0,0,0.0,0,0
PicassoBox_06_VN,17,0,0,0,0.0,0,0
PicassoBox_06_VN,18,0,0,0,0.0,0,0
PicassoBox_06_VN,19,0,0,0,0.0,0,0
PicassoBox_06_VN,20,0,0,0,0.0,0,0
PicassoBox_06_VN,21,0,0,0,0.0,0,0
PicassoBox_06_VN,22,0,0,0,0.0,0,0
PicassoBox_06_VN,23,0,0,0,0.0,0,0
PicassoBox_06_VN,24,0,0,0,0.0,0,0
PicassoBox_06_VN,25,0,0,0,0.0,0,0
PicassoBox_06_VN,26,0,0,0,0.0,0,0
PicassoBox_06_VN,27,0,0,0,0.0,0,0
PicassoBox_06_VN,28,0,0,0,0.0,0,0
PicassoBox_06_VN,29,0,0,0,0.0,0,0
PicassoBox_06_VN,30,0,0,0,0.0,0,0
PicassoBox_06_VN,31,0,0,0,0.0,0,0
PicassoBox_06_VN,32,0,0,0,0.0,0,0
PicassoBox_06_VN,33,0,0,0,0.0,0,0
PicassoBox_06_VN,34,0,0,0,0.0,0,0
PicassoBox_06_VN,35,0,0,0,0.0,0,0
PicassoBox_06_VN,36,0,0,0,0.0,0,0
PicassoBox_06_VN,37,0,0,0,0.0,0,0
PicassoBox_06_VN,38,0,0,0,0.0,0,0
PicassoBox_06_VN,39,0,0,0,0.0,0,0
PicassoBox_06_VN,40,0,0,0,0.0,0,0
PicassoBox_06_VN,41,0,0,0,0.0,0,0
PicassoBox_06_VN,42,0,0,0,0.0,0,0
PicassoBox_06_VN,43,0,0,0,0.0,0,0
PicassoBox_06_VN,44,0,0,0,0.0,0,0
PicassoBox_06_VN,45,0,0,0,0.0,0,0
PicassoBox_06_VN,46,0,0,0,0.0,0,0
PicassoBox_06_VN,47,0,0,0,0.0,0,0
PicassoBox_06_VN,48,0,0,0,0.0,0,0
PicassoBox_06_VN,49,0,0,0,0.0,0,0
PicassoBox_06_VN,50,0,0,0,0.0,0,0
PicassoBox_06_VN,51,0,0,0,0.0,0,0
PicassoBox_06_VN,52,0,0,0,0.0,0,0
PicassoBox_06_VN,53,0,0,0,0.0,0,0
PicassoBox_06_VN,54,0,0,0,0.0,0,0
PicassoBox_06_VN,55,0,0,0,0.0,0,0
PicassoBox_06_VN,56,0,0,0,0.0,0,0
PicassoBox_06_VN,57,0,0,0,0.0,0,0
PicassoBox_06_VN,58,0,0,0,0.0,0,0
PicassoBox_06_VN,59,0,0,0,0.0,0,0
PicassoBox_06_VN,60,0,0,0,0.0,0,0
PicassoBox_06_VN,61,0,0,0,0.0,0,0
PicassoBox_06_VN,62,0,0,0,0.0,0,0
PicassoBox_06_VN,63,0,0,0,0.0,0,0
PicassoBox_06_VN,64,0,0,0,0.0,0,0
PicassoBox_06_VN,65,0,0,0,0.0,0,0
PicassoBox_06_VN,66,0,0,0,0.0,0,0
PicassoBox_06_VN,67,0,0,0,0.0,0,0
PicassoBox_06_VN,68,0,0,0,0.0,0,0
PicassoBox_06_VN,69,0,0,0,0.0,0,0
PicassoBox_06_VN,70,0,0,0,0.0,0,0
PicassoBox_06_VN,71,0,0,0,0.0,0,0
PicassoBox_06_VN,72,0,0,0,0.0,0,0
PicassoBox_06_VN,73,0,0,0,0.0,0,0
PicassoBox_06_VN,74,0,0,0,0.0,0,0
PicassoBox_06_VN,75,0,0,0,0.0,0,0
PicassoBox_06_VN,76,0,0,0,0.0,0,0
PicassoBox_06_VN,77,0,0,0,0.0,0,0
PicassoBox_06_VN,78,0,0,0,0.0,0,0
PicassoBox_06_VN,79,0,0,0,0.0,0,0
PicassoBox_06_VN,80,0,0,0,0.0,0,0
PicassoBox_06_VN,81,0,0,0,0.0,0,0
PicassoBox_06_VN,82,0,0,0,0.0,0,0
PicassoBox_06_VN,83,0,0,0,0.0,0,0
PicassoBox_06_VN,84,0,0,0,0.0,0,0
PicassoBox_06_VN,85,0,0,0,0.0,0,0
PicassoBox_06_VN,86,0,0,0,0.0,0,0
PicassoBox_06_VN,87,0,0,0,0.0,0,0
PicassoBox_06_VN,88,0,0,0,0.0,0,0
PicassoBox_06_VN,89,0,0,0,0.0,0,0
PicassoBox_06_VN,90,0,0,0,0.0,0,0
PicassoBox_06_VN,91,0,0,0,0.0,0,0
PicassoBox_06_VN,92,0,0,0,0.0,0,0
PicassoBox_06_VN,93,0,0,0,0.0,0,0
PicassoBox_06_VN,94,0,0,0,0.0,0,0
PicassoBox_06_VN,95,0,0,0,0.0,0,0
PicassoBox_06_VN,96,0,0,0,0.0,0,0
PicassoBox_06_VN,97,0,0,0,0.0,0,0
PicassoBox_06_VN,98,0,0,0,0.0,0,0
PicassoBox_06_VN,99,0,0,0,0.0,0,0
PicassoBox_06_VN,100,0,0,0,0.0,0,0
PicassoBox_06_VN,101,0,0,0,0.0,0,0
PicassoBox_06_VN,102,0,0,0,0.0,0,0
PicassoBox_06_VN,103,0,0,0,0.0,0,0
PicassoBox_06_VN,104,0,0,0,0.0,0,0
PicassoBox_06_VN,105,0,0,0,0.0,0,0
PicassoBox_06_VN,106,0,0,0,0.0,0,0
PicassoBox_06_VN,107,0,0,0,0.0,0,0
PicassoBox_06_VN,108,0,0,0,0.0,0,0
PicassoBox_06_VN,109,0,0,0,0.0,0,0
PicassoBox_06_VN,110,0,0,0,0.0,0,0
PicassoBox_06_VN,111,0,0,0,0.0,0,0
PicassoBox_06_VN,112,0,0,0,0.0,0,0
PicassoBox_06_VN,113,0,0,0,0.0,0,0
PicassoBox_06_VN,114,0,0,0,0.0,0,0
PicassoBox_06_VN,115,0,0,0,0.0,0,0
PicassoBox_06_VN,116,0,0,0,0.0,0,0
PicassoBox_06_VN,117,0,0,0,0.0,0,0
PicassoBox_06_VN,118,0,0,0,0.0,0,0
PicassoBox_06_VN,119,0,0,0,0.0,0,0
PicassoBox_06_VN,120,0,0,0,0.0,0,0
PicassoBox_06_VN,121,0,0,0,0.0,0,0
PicassoBox_06_VN,122,0,0,0,0.0,0,0
PicassoBox_06_VN,123,0,0,0,0.0,0,0
PicassoBox_06_VN,124,0,0,0,0.0,0,0
PicassoBox_06_VN,125,0,0,0,0.0,0,0
PicassoBox_06_VN,126,0,0,0,0.0,0,0
PicassoBox_06_VN,127,0,0,0,0.0,0,0
PicassoBox_06_VN,128,0,0,0,0.0,0,0
PicassoBox_06_VN,129,0,0,0,0.0,0,0
PicassoBox_06_VN,130,0,0,0,0.0,0,0
PicassoBox_06_VN,131,0,0,0,0.335796144001,0,0
PicassoBox_06_VN,132,0,0,0,1.29764301025,0,0
PicassoBox_06_VN,133,0,0,0,2.81688625848,0,0
PicassoBox_06_VN,134,0,0,0,4.82459575576,0,0
PicassoBox_06_VN,135,0,0,0,7.25159184242,0,0
PicassoBox_06_VN,136,0,0,0,10.0283600195,0,0
PicassoBox_06_VN,137,0,0,0,13.085151719,0,0
PicassoBox_06_VN,138,0,0,0,16.3520373873,0,0
PicassoBox_06_VN,139,0,0,0,19.7592229134,0,0
PicassoBox_06_VN,140,0,0,0,23.2365843441,0,0
PicassoBox_06_VN,141,0,0,0,26.7138128143,0,0
PicassoBox_06_VN,142,0,0,0,30.1209983404,0,0
PicassoBox_06_VN,143,0,0,0,33.3878840087,0,0
PicassoBox_06_VN,144,0,0,0,36.4446757082,0,0
PicassoBox_06_VN,145,0,0,0,39.2214438853,0,0
PicassoBox_06_VN,146,0,0,0,41.6484399719,0,0
PicassoBox_06_VN,147,0,0,0,43.6561494692,0,0
PicassoBox_06_VN,148,0,0,0,45.1753927175,0,0
PicassoBox_06_VN,149,0,0,0,46.1372395837,0,0
PicassoBox_06_VN,150,0,0,0,46.4730357277,0,0
PicassoBox_06_VN,151,0,0,0,46.4732678603,0,0
PicassoBox_06_VN,152,0,0,0,46.4717380829,0,0
PicassoBox_06_VN,153,0,0,0,46.4649734246,0,0
PicassoBox_06_VN,154,0,0,0,46.4493632285,0,0
PicassoBox_06_VN,155,0,0,0,46.4212179614,0,0
PicassoBox_06_VN,156,0,0,0,46.3768340457,0,0
PicassoBox_06_VN,157,0,0,0,46.3125613658,0,0
PicassoBox_06_VN,158,0,0,0,46.2248735673,0,0
PicassoBox_06_VN,159,0,0,0,46.1104353898,0,0
PicassoBox_06_VN,160,0,0,0,45.9661577794,0,0
PicassoBox_06_VN,161,0,0,0,45.7892570531,0,0
PicassoBox_06_VN,162,0,0,0,45.5772727821,0,0
PicassoBox_06_VN,163,0,0,0,45.3281253366,0,0
PicassoBox_06_VN,164,0,0,0,45.0400940009,0,0
PicassoBox_06_VN,165,0,0,0,44.7118460463,0,0
PicassoBox_06_VN,166,0,0,0,44.342393299,0,0
PicassoBox_06_VN,167,0,0,0,43.9311278627,0,0
PicassoBox_06_VN,168,0,0,0,43.4777009847,0,0
PicassoBox_06_VN,169,0,0,0,42.9821439306,0,0
PicassoBox_06_VN,170,0,0,0,42.4446330288,0,0
PicassoBox_06_VN,171,0,0,0,41.7703664926,0,0
PicassoBox_06_VN,172,0,0,0,40.8889102448,0,0
PicassoBox_06_VN,173,0,0,0,39.8332707247,0,0
PicassoBox_06_VN,174,0,0,0,38.6323384179,0,0
PicassoBox_06_VN,175,0,0,0,37.3117411696,0,0
PicassoBox_06_VN,176,0,0,0,35.8943402297,0,0
PicassoBox_06_VN,177,0,0,0,34.4009919283,0,0
PicassoBox_06_VN,178,0,0,0,32.8506864052,0,0
PicassoBox_06_VN,179,0,0,0,31.261134716,0,0
PicassoBox_06_VN,180,0,0,0,29.649110451,0,0
PicassoBox_06_VN,181,0,0,0,28.0302523329,0,0
PicassoBox_06_VN,182,0,0,0,26.4198404337,0,0
PicassoBox_06_VN,183,0,0,0,24.8326105679,0,0
PicassoBox_06_VN,184,0,0,0,23.2829382612,0,0
PicassoBox_06_VN,185,0,0,0,21.7851632479,0,0
PicassoBox_06_VN,186,0,0,0,20.3535922826,0,0
PicassoBox_06_VN,187,0,0,0,19.0025933508,0,0
PicassoBox_06_VN,188,0,0,0,17.746957849,0,0
PicassoBox_06_VN,189,0,0,0,16.6019007117,0,0
PicassoBox_06_VN,190,0,0,0,15.5830724512,0,0
PicassoBox_06_VN,191,0,0,0,14.7070622504,0,0
PicassoBox_06_VN,192,0,0,0,13.9912400489,0,0
PicassoBox_06_VN,193,0,0,0,13.4542124486,0,0
PicassoBox_06_VN,194,0,0,0,13.1159425078,0,0
PicassoBox_06_VN,195,0,0,0,12.9980649138,0,0
PicassoBox_06_VN,196,0,0,0,12.9980649138,0,0
PicassoBox_06_VN,197,0,0,0,12.9980649138,0,0
PicassoBox_06_VN,198,0,0,0,12.9980649138,0,0
PicassoBox_06_VN,199,0,0,0,12.9980649138,0,0
PicassoBox_06_VN,200,0,0,0,12.9980649138,0,0
PicassoBox_06_VN,201,0,0,0,12.9980649138,0,0
PicassoBox_06_VN,202,0,0,0,12.9980649138,0,0
PicassoBox_06_VN,203,0,0,0,12.9980649138,0,0
PicassoBox_06_VN,204,0,0,0,12.9980649138,0,0
PicassoBox_06_VN,205,0,0,0,12.9980649138,0,0
PicassoBox_06_VN,206,0,0,0,12.9980649138,0,0
PicassoBox_06_VN,207,0,0,0,12.9980649138,0,0
PicassoBox_06_VN,208,0,0,0,12.9980649138,0,0
PicassoBox_06_VN,209,0,0,0,12.9980649138,0,0
PicassoBox_06_VN,210,0,0,0,12.9980649138,0,0
PicassoBox_06_VN,211,0,0,0,12.9980649138,0,0
PicassoBox_06_VN,212,0,0,0,12.9980649138,0,0
PicassoBox_06_VN,213,0,0,0,12.9980649138,0,0
PicassoBox_06_VN,214,0,0,0,12.9980649138,0,0
PicassoBox_06_VN,215,0,0,0,12.9980649138,0,0
PicassoBox_06_VN,216,0,0,0,12.9980649138,0,0
PicassoBox_06_VN,217,0,0,0,12.9980649138,0,0
PicassoBox_06_VN,218,0,0,0,12.9980649138,0,0
PicassoBox_06_VN,219,0,0,0,12.9980649138,0,0
PicassoBox_06_VN,220,0,0,0,12.9980649138,0,0
PicassoBox_06_VN,221,0,0,0,12.9980649138,0,0
PicassoBox_06_VN,222,0,0,0,12.9980649138,0,0
PicassoBox_06_VN,223,0,0,0,12.9980649138,0,0
PicassoBox_06_VN,224,0,0,0,12.9980649138,0,0
PicassoBox_06_VN,225,0,0,0,12.9980649138,0,0
PicassoBox_06_VN,226,0,0,0,12.9980649138,0,0
PicassoBox_06_VN,227,0,0,0,12.9980649138,0,0
PicassoBox_06_VN,228,0,0,0,12.9980649138,0,0
PicassoBox_06_VN,229,0,0,0,12.9980649138,0,0
PicassoBox_06_VN,230,0,0,0,12.9980649138,0,0
PicassoBox_06_VN,231,0,0,0,12.9980649138,0,0
PicassoBox_06_VN,232,0,0,0,12.9980649138,0,0
PicassoBox_06_VN,233,0,0,0,12.9980649138,0,0
PicassoBox_06_VN,234,0,0,0,12.9980649138,0,0
PicassoBox_06_VN,235,0,0,0,12.9980649138,0,0
PicassoBox_06_VN,236,0,0,0,12.9980649138,0,0
PicassoBox_06_VN,237,0,0,0,12.9980649138,0,0
PicassoBox_06_VN,238,0,0,0,12.9980649138,0,0
PicassoBox_06_VN,239,0,0,0,12.9980649138,0,0
PicassoBox_06_VN,240,0,0,0,12.9980649138,0,0
PicassoBox_06_VN,241,0,0,0,12.9980649138,0,0
PicassoBox_06_VN,242,0,0,0,12.9980649138,0,0
PicassoBox_06_VN,243,0,0,0,12.9980649138,0,0
PicassoBox_06_VN,244,0,0,0,12.9980649138,0,0
PicassoBox_06_VN,245,0,0,0,12.9980649138,0,0
PicassoBox_06_VN,245,0,0,0,12.9980649138,0,0
PicassoBox_06_VN,246,0,0,0,12.9980649138,0,0
PicassoBox_06_VN,247,0,0,0,12.9980649138,0,0
PicassoBox_06_VN,248,0,0,0,12.9980649138,0,0
PicassoBox_06_VN,249,0,0,0,12.9980649138,0,0
PicassoBox_06_VN,250,0,0,0,12.9980649138,0,0
Hand_07_WN,0,0,0,0,5.37484819838e-15,0.0,0.0
Hand_07_WN,1,0,0,0,5.37484819838e-15,0.0,0.0
Hand_07_WN,2,0,0,0,5.37484819838e-15,0.0,0.0
Hand_07_WN,3,0,0,0,5.37484819838e-15,0.0,0.0
Hand_07_WN,4,0,0,0,5.37484819838e-15,0.0,0.0
Hand_07_WN,5,0,0,0,5.37484819838e-15,0.0,0.0
Hand_07_WN,6,0,0,0,5.37484819838e-15,0.0,0.0
Hand_07_WN,7,0,0,0,5.37484819838e-15,0.0,0.0
Hand_07_WN,8,0,0,0,5.37484819838e-15,0.0,0.0
Hand_07_WN,9,0,0,0,5.37484819838e-15,0.0,0.0
Hand_07_WN,10,0,0,0,5.37484819838e-15,0.0,0.0
Hand_07_WN,11,0,0,0,5.37484819838e-15,0.0,0.0
Hand_07_WN,12,0,0,0,5.37484819838e-15,0.0,0.0
Hand_07_WN,13,0,0,0,5.37484819838e-15,0.0,0.0
Hand_07_WN,14,0,0,0,5.37484819838e-15,0.0,0.0
Hand_07_WN,15,0,0,0,5.37484819838e-15,0.0,0.0
Hand_07_WN,16,0,0,0,5.37484819838e-15,0.0,0.0
Hand_07_WN,17,0,0,0,5.37484819838e-15,0.0,0.0
Hand_07_WN,18,0,0,0,5.37484819838e-15,0.0,0.0
Hand_07_WN,19,0,0,0,5.37484819838e-15,0.0,0.0
Hand_07_WN,20,0,0,0,5.37484819838e-15,0.0,0.0
Hand_07_WN,21,0,0,0,5.37484819838e-15,0.0,0.0
Hand_07_WN,22,0,0,0,5.37484819838e-15,0.0,0.0
Hand_07_WN,23,0,0,0,5.37484819838e-15,0.0,0.0
Hand_07_WN,24,0,0,0,5.37484819838e-15,0.0,0.0
Hand_07_WN,25,0,0,0,5.37484819838e-15,0.0,0.0
Hand_07_WN,26,0,0,0,5.37484819838e-15,0.0,0.0
Hand_07_WN,27,0,0,0,5.37484819838e-15,0.0,0.0
Hand_07_WN,28,0,0,0,5.37484819838e-15,0.0,0.0
Hand_07_WN,29,0,0,0,5.37484819838e-15,0.0,0.0
Hand_07_WN,30,0,0,0,5.37484819838e-15,0.0,0.0
Hand_07_WN,31,0,0,0,5.37484819838e-15,0.0,0.0
Hand_07_WN,32,0,0,0,5.37484819838e-15,0.0,0.0
Hand_07_WN,33,0,0,0,5.37484819838e-15,0.0,0.0
Hand_07_WN,34,0,0,0,5.37484819838e-15,0.0,0.0
Hand_07_WN,35,0,0,0,5.37484819838e-15,0.0,0.0
Hand_07_WN,36,0,0,0,5.37484819838e-15,0.0,0.0
Hand_07_WN,37,0,0,0,5.37484819838e-15,0.0,0.0
Hand_07_WN,38,0,0,0,5.37484819838e-15,0.0,0.0
Hand_07_WN,39,0,0,0,5.37484819838e-15,0.0,0.0
Hand_07_WN,40,0,0,0,5.37484819838e-15,0.0,0.0
Hand_07_WN,41,0,0,0,5.37484819838e-15,0.0,0.0
Hand_07_WN,42,0,0,0,5.37484819838e-15,0.0,0.0
Hand_07_WN,43,0,0,0,5.37484819838e-15,0.0,0.0
Hand_07_WN,44,0,0,0,5.37484819838e-15,0.0,0.0
Hand_07_WN,45,0,0,0,5.37484819838e-15,0.0,0.0
Hand_07_WN,46,0,0,0,5.37484819838e-15,0.0,0.0
Hand_07_WN,47,0,0,0,5.37484819838e-15,0.0,0.0
Hand_07_WN,48,0,0,0,5.37484819838e-15,0.0,0.0
Hand_07_WN,49,0,0,0,5.37484819838e-15,0.0,0.0
Hand_07_WN,50,0,0,0,5.37484819838e-15,0.0,0.0
Hand_07_WN,51,0,0,0,5.37484819838e-15,0.0,0.0
Hand_07_WN,52,0,0,0,5.37484819838e-15,0.0,0.0
Hand_07_WN,53,0,0,0,5.37484819838e-15,0.0,0.0
Hand_07_WN,54,0,0,0,5.37484819838e-15,0.0,0.0
Hand_07_WN,55,0,0,0,5.37484819838e-15,0.0,0.0
Hand_07_WN,56,0,0,0,5.37484819838e-15,0.0,0.0
Hand_07_WN,57,0,0,0,5.37484819838e-15,0.0,0.0
Hand_07_WN,58,0,0,0,5.37484819838e-15,0.0,0.0
Hand_07_WN,59,0,0,0,5.37484819838e-15,0.0,0.0
Hand_07_WN,60,0,0,0,5.37484819838e-15,0.0,0.0
Hand_07_WN,61,0,0,0,5.37484819838e-15,0.0,0.0
Hand_07_WN,62,0,0,0,5.37484819838e-15,0.0,0.0
Hand_07_WN,63,0,0,0,5.37484819838e-15,0.0,0.0
Hand_07_WN,64,0,0,0,5.37484819838e-15,0.0,0.0
Hand_07_WN,65,0,0,0,5.37484819838e-15,0.0,0.0
Hand_07_WN,66,0,0,0,5.37484819838e-15,0.0,0.0
Hand_07_WN,67,0,0,0,5.37484819838e-15,0.0,0.0
Hand_07_WN,68,0,0,0,5.37484819838e-15,0.0,0.0
Hand_07_WN,69,0,0,0,5.37484819838e-15,0.0,0.0
Hand_07_WN,70,0,0,0,5.37484819838e-15,0.0,0.0
Hand_07_WN,71,0,0,0,5.37484819838e-15,0.0,0.0
Hand_07_WN,72,0,0,0,5.37484819838e-15,0.0,0.0
Hand_07_WN,73,0,0,0,5.37484819838e-15,0.0,0.0
Hand_07_WN,74,0,0,0,5.37484819838e-15,0.0,0.0
Hand_07_WN,75,0,0,0,5.37484819838e-15,0.0,0.0
Hand_07_WN,76,0,0,0,5.37484819838e-15,0.0,0.0
Hand_07_WN,77,0,0,0,5.37484819838e-15,0.0,0.0
Hand_07_WN,78,0,0,0,5.37484819838e-15,0.0,0.0
Hand_07_WN,79,0,0,0,5.37484819838e-15,0.0,0.0
Hand_07_WN,80,0,0,0,5.37484819838e-15,0.0,0.0
Hand_07_WN,81,0,0,0,5.37484819838e-15,0.0,0.0
Hand_07_WN,82,0,0,0,5.37484819838e-15,0.0,0.0
Hand_07_WN,83,0,0,0,5.37484819838e-15,0.0,0.0
Hand_07_WN,84,0,0,0,5.37484819838e-15,0.0,0.0
Hand_07_WN,85,0,0,0,5.37484819838e-15,0.0,0.0
Hand_07_WN,86,0,0,0,5.37484819838e-15,0.0,0.0
Hand_07_WN,87,0,0,0,5.37484819838e-15,0.0,0.0
Hand_07_WN,88,0,0,0,5.37484819838e-15,0.0,0.0
Hand_07_WN,89,0,0,0,5.37484819838e-15,0.0,0.0
Hand_07_WN,90,0,0,0,5.37484819838e-15,0.0,0.0
Hand_07_WN,91,0,0,0,5.37484819838e-15,0.0,0.0
Hand_07_WN,92,0,0,0,5.37484819838e-15,0.0,0.0
Hand_07_WN,93,0,0,0,5.37484819838e-15,0.0,0.0
Hand_07_WN,94,0,0,0,5.37484819838e-15,0.0,0.0
Hand_07_WN,95,0,0,0,5.37484819838e-15,0.0,0.0
Hand_07_WN,96,0,0,0,5.37484819838e-15,0.0,0.0
Hand_07_WN,97,0,0,0,5.37484819838e-15,0.0,0.0
Hand_07_WN,98,0,0,0,5.37484819838e-15,0.0,0.0
Hand_07_WN,99,0,0,0,5.37484819838e-15,0.0,0.0
Hand_07_WN,100,0,0,0,5.37484819838e-15,0.0,0.0
Hand_07_WN,101,0,0,0,5.37484819838e-15,0.0,0.0
Hand_07_WN,102,0,0,0,5.37484819838e-15,0.0,0.0
Hand_07_WN,103,0,0,0,5.37484819838e-15,0.0,0.0
Hand_07_WN,104,0,0,0,5.37484819838e-15,0.0,0.0
Hand_07_WN,105,0,0,0,5.37484819838e-15,0.0,0.0
Hand_07_WN,106,0,0,0,5.37484819838e-15,0.0,0.0
Hand_07_WN,107,0,0,0,5.37484819838e-15,0.0,0.0
Hand_07_WN,108,0,0,0,5.37484819838e-15,0.0,0.0
Hand_07_WN,109,0,0,0,5.37484819838e-15,0.0,0.0
Hand_07_WN,110,0,0,0,5.37484819838e-15,0.0,0.0
Hand_07_WN,111,0,0,0,5.37484819838e-15,0.0,0.0
Hand_07_WN,112,0,0,0,5.37484819838e-15,0.0,0.0
Hand_07_WN,113,0,0,0,5.37484819838e-15,0.0,0.0
Hand_07_WN,114,0,0,0,5.37484819838e-15,0.0,0.0
Hand_07_WN,115,0,0,0,5.37484819838e-15,0.0,0.0
Hand_07_WN,116,0,0,0,5.37484819838e-15,0.0,0.0
Hand_07_WN,117,0,0,0,5.37484819838e-15,0.0,0.0
Hand_07_WN,118,0,0,0,5.37484819838e-15,0.0,0.0
Hand_07_WN,119,0,0,0,5.37484819838e-15,0.0,0.0
Hand_07_WN,120,0,0,0,5.37484819838e-15,0.0,0.0
Hand_07_WN,121,0,0,0,5.37484819838e-15,0.0,0.0
Hand_07_WN,122,0,0,0,5.37484819838e-15,0.0,0.0
Hand_07_WN,123,0,0,0,5.37484819838e-15,0.0,0.0
Hand_07_WN,124,0,0,0,5.37484819838e-15,0.0,0.0
Hand_07_WN,125,0,0,0,5.37484819838e-15,0.0,0.0
Hand_07_WN,126,0,0,0,5.37484819838e-15,0.0,0.0
Hand_07_WN,127,0,0,0,5.37484819838e-15,0.0,0.0
Hand_07_WN,128,0,0,0,5.37484819838e-15,0.0,0.0
Hand_07_WN,129,0,0,0,5.37484819838e-15,0.0,0.0
Hand_07_WN,130,0,0,0,5.37484819838e-15,0.0,0.0
Hand_07_WN,131,0,0,0,5.38394987015e-15,-0.403992326708,0.0
Hand_07_WN,132,0,0,0,5.41028061747e-15,-1.56117879348,0.0
Hand_07_WN,133,0,0,0,5.45237061107e-15,-3.38896218424,0.0
Hand_07_WN,134,0,0,0,5.50874352134e-15,-5.80441348006,0.0
Hand_07_WN,135,0,0,0,5.57791708205e-15,-8.72430345937,0.0
Hand_07_WN,136,0,0,0,5.65840039047e-15,-12.0650000594,0.0
Hand_07_WN,137,0,0,0,5.74869635995e-15,-15.7425896119,0.0
Hand_07_WN,138,0,0,0,5.84730285963e-15,-19.6729407068,0.0
Hand_07_WN,139,0,0,0,5.9527221125e-15,-23.7720848834,0.0
Hand_07_WN,140,0,0,0,6.06344636576e-15,-27.9556568519,0.0
Hand_07_WN,141,0,0,0,6.17796114761e-15,-32.1390688573,0.0
Hand_07_WN,142,0,0,0,6.29476402266e-15,-36.2382130339,0.0
Hand_07_WN,143,0,0,0,6.41233946616e-15,-40.1685641288,0.0
Hand_07_WN,144,0,0,0,6.52918623102e-15,-43.8461536813,0.0
Hand_07_WN,145,0,0,0,6.64379582515e-15,-47.1868502813,0.0
Hand_07_WN,146,0,0,0,6.75466248914e-15,-50.1067402606,0.0
Hand_07_WN,147,0,0,0,6.86028433751e-15,-52.5221915565,0.0
Hand_07_WN,148,0,0,0,6.95916812565e-15,-54.3499749472,0.0
Hand_07_WN,149,0,0,0,7.04982539439e-15,-55.507161414,0.0
Hand_07_WN,150,0,0,0,7.1307687007e-15,-55.9111537407,0.0
Hand_07_WN,151,0,0,0,7.20863765443e-15,-55.9114004934,0.0
Hand_07_WN,152,0,0,0,7.29053007204e-15,-55.9097743677,0.0
Hand_07_WN,153,0,0,0,7.375594084e-15,-55.9025836581,0.0
Hand_07_WN,154,0,0,0,7.46291461657e-15,-55.8859903017,0.0
Hand_07_WN,155,0,0,0,7.55151981668e-15,-55.8560723912,0.0
Hand_07_WN,156,0,0,0,7.64040075582e-15,-55.8088930907,0.0
Hand_07_WN,157,0,0,0,7.72852968886e-15,-55.7405723931,0.0
Hand_07_WN,158,0,0,0,7.81487593418e-15,-55.6473618475,0.0
Hand_07_WN,159,0,0,0,7.89842533401e-15,-55.5257161323,0.0
Hand_07_WN,160,0,0,0,7.97820208918e-15,-55.372351639,0.0
Hand_07_WN,161,0,0,0,8.05328006459e-15,-55.1843093628,0.0
Hand_07_WN,162,0,0,0,8.12280641591e-15,-54.9589739126,0.0
Hand_07_WN,163,0,0,0,8.1860003562e-15,-54.6941346791,0.0
Hand_07_WN,164,0,0,0,8.24217339988e-15,-54.3879625729,0.0
Hand_07_WN,165,0,0,0,8.29072596503e-15,-54.0390409274,0.0
Hand_07_WN,166,0,0,0,8.33115495358e-15,-53.6463193317,0.0
Hand_07_WN,167,0,0,0,8.36304576716e-15,-53.2091516029,0.0
Hand_07_WN,168,0,0,0,8.38607752985e-15,-52.7271670232,0.0
Hand_07_WN,169,0,0,0,8.40000789718e-15,-52.2003988276,0.0
Hand_07_WN,170,0,0,0,8.40467594982e-15,-51.6290344498,0.0
Hand_07_WN,171,0,0,0,8.40069292619e-15,-50.7948471783,0.0
Hand_07_WN,172,0,0,0,8.3895339882e-15,-49.5288127165,0.0
Hand_07_WN,173,0,0,0,8.37225820075e-15,-47.8972467426,0.0
Hand_07_WN,174,0,0,0,8.34978847366e-15,-45.9580747168,0.0
Hand_07_WN,175,0,0,0,8.32294063015e-15,-43.7625961291,0.0
Hand_07_WN,176,0,0,0,8.29244143498e-15,-41.3565434113,0.0
Hand_07_WN,177,0,0,0,8.2589502974e-15,-38.781531576,0.0
Hand_07_WN,178,0,0,0,8.2230666941e-15,-36.0754245775,0.0
Hand_07_WN,179,0,0,0,8.18534650947e-15,-33.2734412477,0.0
Hand_07_WN,180,0,0,0,8.14631280568e-15,-30.408836024,0.0
Hand_07_WN,181,0,0,0,8.10645287804e-15,-27.5126022841,0.0
Hand_07_WN,182,0,0,0,8.06623856302e-15,-24.6148963048,0.0
Hand_07_WN,183,0,0,0,8.02612309641e-15,-21.7447473179,0.0
Hand_07_WN,184,0,0,0,7.98654659749e-15,-18.9304147854,0.0
Hand_07_WN,185,0,0,0,7.94794516692e-15,-16.2000016209,0.0
Hand_07_WN,186,0,0,0,7.91075174951e-15,-13.5814826181,0.0
Hand_07_WN,187,0,0,0,7.87539915667e-15,-11.1028937252,0.0
Hand_07_WN,188,0,0,0,7.84233009807e-15,-8.79301285512,0.0
Hand_07_WN,189,0,0,0,7.81199778524e-15,-6.68137781962,0.0
Hand_07_WN,190,0,0,0,7.78486669652e-15,-4.79832168545,0.0
Hand_07_WN,191,0,0,0,7.76142641072e-15,-3.17591548936,0.0
Hand_07_WN,192,0,0,0,7.74218789939e-15,-1.84769104198,0.0
Hand_07_WN,193,0,0,0,7.72769619435e-15,-0.849499095546,0.0
Hand_07_WN,194,0,0,0,7.71853412908e-15,-0.219747012873,0.0
Hand_07_WN,195,0,0,0,7.71533136627e-15,0.0,0.0
Hand_07_WN,196,0,0,0,7.71533136627e-15,0.0,0.0
Hand_07_WN,197,0,0,0,7.71533136627e-15,0.0,0.0
Hand_07_WN,198,0,0,0,7.71533136627e-15,0.0,0.0
Hand_07_WN,199,0,0,0,7.71533136627e-15,0.0,0.0
Hand_07_WN,200,0,0,0,7.71533136627e-15,0.0,0.0
Hand_07_WN,201,0,0,0,7.71533136627e-15,0.0,0.0
Hand_07_WN,202,0,0,0,7.71533136627e-15,0.0,0.0
Hand_07_WN,203,0,0,0,7.71533136627e-15,0.0,0.0
Hand_07_WN,204,0,0,0,7.71533136627e-15,0.0,0.0
Hand_07_WN,205,0,0,0,7.71533136627e-15,0.0,0.0
Hand_07_WN,206,0,0,0,7.71533136627e-15,0.0,0.0
Hand_07_WN,207,0,0,0,7.71533136627e-15,0.0,0.0
Hand_07_WN,208,0,0,0,7.71533136627e-15,0.0,0.0
Hand_07_WN,209,0,0,0,7.71533136627e-15,0.0,0.0
Hand_07_WN,210,0,0,0,7.71533136627e-15,0.0,0.0
Hand_07_WN,211,0,0,0,7.71533136627e-15,0.0,0.0
Hand_07_WN,212,0,0,0,7.71533136627e-15,0.0,0.0
Hand_07_WN,213,0,0,0,7.71533136627e-15,0.0,0.0
Hand_07_WN,214,0,0,0,7.71533136627e-15,0.0,0.0
Hand_07_WN,215,0,0,0,7.71533136627e-15,0.0,0.0
Hand_07_WN,216,0,0,0,7.71533136627e-15,0.0,0.0
Hand_07_WN,217,0,0,0,7.71533136627e-15,0.0,0.0
Hand_07_WN,218,0,0,0,7.71533136627e-15,0.0,0.0
Hand_07_WN,219,0,0,0,7.71533136627e-15,0.0,0.0
Hand_07_WN,220,0,0,0,7.71533136627e-15,0.0,0.0
Hand_07_WN,221,0,0,0,7.71533136627e-15,0.0,0.0
Hand_07_WN,222,0,0,0,7.71533136627e-15,0.0,0.0
Hand_07_WN,223,0,0,0,7.71533136627e-15,0.0,0.0
Hand_07_WN,224,0,0,0,7.71533136627e-15,0.0,0.0
Hand_07_WN,225,0,0,0,7.71533136627e-15,0.0,0.0
Hand_07_WN,226,0,0,0,7.71533136627e-15,0.0,0.0
Hand_07_WN,227,0,0,0,7.71533136627e-15,0.0,0.0
Hand_07_WN,228,0,0,0,7.71533136627e-15,0.0,0.0
Hand_07_WN,229,0,0,0,7.71533136627e-15,0.0,0.0
Hand_07_WN,230,0,0,0,7.71533136627e-15,0.0,0.0
Hand_07_WN,231,0,0,0,7.71533136627e-15,0.0,0.0
Hand_07_WN,232,0,0,0,7.71533136627e-15,0.0,0.0
Hand_07_WN,233,0,0,0,7.71533136627e-15,0.0,0.0
Hand_07_WN,234,0,0,0,7.71533136627e-15,0.0,0.0
Hand_07_WN,235,0,0,0,7.71533136627e-15,0.0,0.0
Hand_07_WN,236,0,0,0,7.71533136627e-15,0.0,0.0
Hand_07_WN,237,0,0,0,7.71533136627e-15,0.0,0.0
Hand_07_WN,238,0,0,0,7.71533136627e-15,0.0,0.0
Hand_07_WN,239,0,0,0,7.71533136627e-15,0.0,0.0
Hand_07_WN,240,0,0,0,7.71533136627e-15,0.0,0.0
Hand_07_WN,241,0,0,0,7.71533136627e-15,0.0,0.0
Hand_07_WN,242,0,0,0,7.71533136627e-15,0.0,0.0
Hand_07_WN,243,0,0,0,7.71533136627e-15,0.0,0.0
Hand_07_WN,244,0,0,0,7.71533136627e-15,0.0,0.0
Hand_07_WN,245,0,0,0,7.71533136627e-15,0.0,0.0
Hand_07_WN,246,0,0,0,7.71533136627e-15,0.0,0.0
Hand_07_WN,246,0,0,0,7.71533136627e-15,0.0,0.0
Hand_07_WN,247,0,0,0,7.71533136627e-15,0.0,0.0
Hand_07_WN,248,0,0,0,7.71533136627e-15,0.0,0.0
Hand_07_WN,249,0,0,0,7.71533136627e-15,0.0,0.0
Hand_07_WN,250,0,0,0,7.71533136627e-15,0.0,0.0
Clamps_08_TN,0,0,0,0,0,0,0
Clamps_08_TN,1,0,0,0,0,0,0
Clamps_08_TN,2,0,0,0,0,0,0
Clamps_08_TN,3,0,0,0,0,0,0
Clamps_08_TN,4,0,0,0,0,0,0
Clamps_08_TN,5,0,0,0,0,0,0
Clamps_08_TN,6,0,0,0,0,0,0
Clamps_08_TN,7,0,0,0,0,0,0
Clamps_08_TN,8,0,0,0,0,0,0
Clamps_08_TN,9,0,0,0,0,0,0
Clamps_08_TN,10,0,0,0,0,0,0
Clamps_08_TN,11,0,0,0,0,0,0
Clamps_08_TN,12,0,0,0,0,0,0
Clamps_08_TN,13,0,0,0,0,0,0
Clamps_08_TN,14,0,0,0,0,0,0
Clamps_08_TN,15,0,0,0,0,0,0
Clamps_08_TN,16,0,0,0,0,0,0
Clamps_08_TN,17,0,0,0,0,0,0
Clamps_08_TN,18,0,0,0,0,0,0
Clamps_08_TN,19,0,0,0,0,0,0
Clamps_08_TN,20,0,0,0,0,0,0
Clamps_08_TN,21,0,0,0,0,0,0
Clamps_08_TN,22,0,0,0,0,0,0
Clamps_08_TN,23,0,0,0,0,0,0
Clamps_08_TN,24,0,0,0,0,0,0
Clamps_08_TN,25,0,0,0,0,0,0
Clamps_08_TN,26,0,0,0,0,0,0
Clamps_08_TN,27,0,0,0,0,0,0
Clamps_08_TN,28,0,0,0,0,0,0
Clamps_08_TN,29,0,0,0,0,0,0
Clamps_08_TN,30,0,0,0,0,0,0
Clamps_08_TN,31,0,0,0,0,0,0
Clamps_08_TN,32,0,0,0,0,0,0
Clamps_08_TN,33,0,0,0,0,0,0
Clamps_08_TN,34,0,0,0,0,0,0
Clamps_08_TN,35,0,0,0,0,0,0
Clamps_08_TN,36,0,0,0,0,0,0
Clamps_08_TN,37,0,0,0,0,0,0
Clamps_08_TN,38,0,0,0,0,0,0
Clamps_08_TN,39,0,0,0,0,0,0
Clamps_08_TN,40,0,0,0,0,0,0
Clamps_08_TN,41,0,0,0,0,0,0
Clamps_08_TN,42,0,0,0,0,0,0
Clamps_08_TN,43,0,0,0,0,0,0
Clamps_08_TN,44,0,0,0,0,0,0
Clamps_08_TN,45,0,0,0,0,0,0
Clamps_08_TN,46,0,0,0,0,0,0
Clamps_08_TN,47,0,0,0,0,0,0
Clamps_08_TN,48,0,0,0,0,0,0
Clamps_08_TN,49,0,0,0,0,0,0
Clamps_08_TN,50,0,0,0,0,0,0
Clamps_08_TN,51,0,0,0,0,0,0
Clamps_08_TN,52,0,0,0,0,0,0
Clamps_08_TN,53,0,0,0,0,0,0
Clamps_08_TN,54,0,0,0,0,0,0
Clamps_08_TN,55,0,0,0,0,0,0
Clamps_08_TN,56,0,0,0,0,0,0
Clamps_08_TN,57,0,0,0,0,0,0
Clamps_08_TN,58,0,0,0,0,0,0
Clamps_08_TN,59,0,0,0,0,0,0
Clamps_08_TN,60,0,0,0,0,0,0
Clamps_08_TN,61,0,0,0,0,0,0
Clamps_08_TN,62,0,0,0,0,0,0
Clamps_08_TN,63,0,0,0,0,0,0
Clamps_08_TN,64,0,0,0,0,0,0
Clamps_08_TN,65,0,0,0,0,0,0
Clamps_08_TN,66,0,0,0,0,0,0
Clamps_08_TN,67,0,0,0,0,0,0
Clamps_08_TN,68,0,0,0,0,0,0
Clamps_08_TN,69,0,0,0,0,0,0
Clamps_08_TN,70,0,0,0,0,0,0
Clamps_08_TN,71,0,0,0,0,0,0
Clamps_08_TN,72,0,0,0,0,0,0
Clamps_08_TN,73,0,0,0,0,0,0
Clamps_08_TN,74,0,0,0,0,0,0
Clamps_08_TN,75,0,0,0,0,0,0
Clamps_08_TN,76,0,0,0,0,0,0
Clamps_08_TN,77,0,0,0,0,0,0
Clamps_08_TN,78,0,0,0,0,0,0
Clamps_08_TN,79,0,0,0,0,0,0
Clamps_08_TN,80,0,0,0,0,0,0
Clamps_08_TN,81,0,0,0,0,0,0
Clamps_08_TN,82,0,0,0,0,0,0
Clamps_08_TN,83,0,0,0,0,0,0
Clamps_08_TN,84,0,0,0,0,0,0
Clamps_08_TN,85,0,0,0,0,0,0
Clamps_08_TN,86,0,0,0,0,0,0
Clamps_08_TN,87,0,0,0,0,0,0
Clamps_08_TN,88,0,0,0,0,0,0
Clamps_08_TN,89,0,0,0,0,0,0
Clamps_08_TN,90,0,0,0,0,0,0
Clamps_08_TN,91,0,0,0,0,0,0
Clamps_08_TN,92,0,0,0,0,0,0
Clamps_08_TN,93,0,0,0,0,0,0
Clamps_08_TN,94,0,0,0,0,0,0
Clamps_08_TN,95,0,0,0,0,0,0
Clamps_08_TN,96,0,0,0,0,0,0
Clamps_08_TN,97,0,0,0,0,0,0
Clamps_08_TN,98,0,0,0,0,0,0
Clamps_08_TN,99,0,0,0,0,0,0
Clamps_08_TN,100,0,0,0,0,0,0
Clamps_08_TN,101,0,0,0,0,0,0
Clamps_08_TN,102,0,0,0,0,0,0
Clamps_08_TN,103,0,0,0,0,0,0
Clamps_08_TN,104,0,0,0,0,0,0
Clamps_08_TN,105,0,0,0,0,0,0
Clamps_08_TN,106,0,0,0,0,0,0
Clamps_08_TN,107,0,0,0,0,0,0
Clamps_08_TN,108,0,0,0,0,0,0
Clamps_08_TN,109,0,0,0,0,0,0
Clamps_08_TN,110,0,0,0,0,0,0
Clamps_08_TN,111,0,0,0,0,0,0
Clamps_08_TN,112,0,0,0,0,0,0
Clamps_08_TN,113,0,0,0,0,0,0
Clamps_08_TN,114,0,0,0,0,0,0
Clamps_08_TN,115,0,0,0,0,0,0
Clamps_08_TN,116,0,0,0,0,0,0
Clamps_08_TN,117,0,0,0,0,0,0
Clamps_08_TN,118,0,0,0,0,0,0
Clamps_08_TN,119,0,0,0,0,0,0
Clamps_08_TN,120,0,0,0,0,0,0
Clamps_08_TN,121,0,0,0,0,0,0
Clamps_08_TN,122,0,0,0,0,0,0
Clamps_08_TN,123,0,0,0,0,0,0
Clamps_08_TN,124,0,0,0,0,0,0
Clamps_08_TN,125,0,0,0,0,0,0
Clamps_08_TN,126,0,0,0,0,0,0
Clamps_08_TN,127,0,0,0,0,0,0
Clamps_08_TN,128,0,0,0,0,0,0
Clamps_08_TN,129,0,0,0,0,0,0
Clamps_08_TN,130,0,0,0,0,0,0
Clamps_08_TN,131,0,0,0,0,0,0
Clamps_08_TN,132,0,0,0,0,0,0
Clamps_08_TN,133,0,0,0,0,0,0
Clamps_08_TN,134,0,0,0,0,0,0
Clamps_08_TN,135,0,0,0,0,0,0
Clamps_08_TN,136,0,0,0,0,0,0
Clamps_08_TN,137,0,0,0,0,0,0
Clamps_08_TN,138,0,0,0,0,0,0
Clamps_08_TN,139,0,0,0,0,0,0
Clamps_08_TN,140,0,0,0,0,0,0
Clamps_08_TN,141,0,0,0,0,0,0
Clamps_08_TN,142,0,0,0,0,0,0
Clamps_08_TN,143,0,0,0,0,0,0
Clamps_08_TN,144,0,0,0,0,0,0
Clamps_08_TN,145,0,0,0,0,0,0
Clamps_08_TN,146,0,0,0,0,0,0
Clamps_08_TN,147,0,0,0,0,0,0
Clamps_08_TN,148,0,0,0,0,0,0
Clamps_08_TN,149,0,0,0,0,0,0
Clamps_08_TN,150,0,0,0,0,0,0
Clamps_08_TN,151,0,0,0,0,0,0
Clamps_08_TN,152,0,0,0,0,0,0
Clamps_08_TN,153,0,0,0,0,0,0
Clamps_08_TN,154,0,0,0,0,0,0
Clamps_08_TN,155,0,0,0,0,0,0
Clamps_08_TN,156,0,0,0,0,0,0
Clamps_08_TN,157,0,0,0,0,0,0
Clamps_08_TN,158,0,0,0,0,0,0
Clamps_08_TN,159,0,0,0,0,0,0
Clamps_08_TN,160,0,0,0,0,0,0
Clamps_08_TN,161,0,0,0,0,0,0
Clamps_08_TN,162,0,0,0,0,0,0
Clamps_08_TN,163,0,0,0,0,0,0
Clamps_08_TN,164,0,0,0,0,0,0
Clamps_08_TN,165,0,0,0,0,0,0
Clamps_08_TN,166,0,0,0,0,0,0
Clamps_08_TN,167,0,0,0,0,0,0
Clamps_08_TN,168,0,0,0,0,0,0
Clamps_08_TN,169,0,0,0,0,0,0
Clamps_08_TN,170,0,0,0,0,0,0
Clamps_08_TN,171,0,0,0,0,0,0
Clamps_08_TN,172,0,0,0,0,0,0
Clamps_08_TN,173,0,0,0,0,0,0
Clamps_08_TN,174,0,0,0,0,0,0
Clamps_08_TN,175,0,0,0,0,0,0
Clamps_08_TN,176,0,0,0,0,0,0
Clamps_08_TN,177,0,0,0,0,0,0
Clamps_08_TN,178,0,0,0,0,0,0
Clamps_08_TN,179,0,0,0,0,0,0
Clamps_08_TN,180,0,0,0,0,0,0
Clamps_08_TN,181,0,0,0,0,0,0
Clamps_08_TN,182,0,0,0,0,0,0
Clamps_08_TN,183,0,0,0,0,0,0
Clamps_08_TN,184,0,0,0,0,0,0
Clamps_08_TN,185,0,0,0,0,0,0
Clamps_08_TN,186,0,0,0,0,0,0
Clamps_08_TN,187,0,0,0,0,0,0
Clamps_08_TN,188,0,0,0,0,0,0
Clamps_08_TN,189,0,0,0,0,0,0
Clamps_08_TN,190,0,0,0,0,0,0
Clamps_08_TN,191,0,0,0,0,0,0
Clamps_08_TN,192,0,0,0,0,0,0
Clamps_08_TN,193,0,0,0,0,0,0
Clamps_08_TN,194,0,0,0,0,0,0
Clamps_08_TN,195,0,0,0,0,0,0
Clamps_08_TN,196,0,0,0,0,0,0
Clamps_08_TN,197,0,0,0,0,0,0
Clamps_08_TN,198,0,0,0,0,0,0
Clamps_08_TN,199,0,0,0,0,0,0
Clamps_08_TN,200,0,0,0,0,0,0
Clamps_08_TN,201,0,0,0,0,0,0
Clamps_08_TN,202,0,0,0,0,0,0
Clamps_08_TN,203,0,0,0,0,0,0
Clamps_08_TN,204,0,0,0,0,0,0
Clamps_08_TN,205,0,0,0,0,0,0
Clamps_08_TN,206,0,0,0,0,0,0
Clamps_08_TN,207,0,0,0,0,0,0
Clamps_08_TN,208,0,0,0,0,0,0
Clamps_08_TN,209,0,0,0,0,0,0
Clamps_08_TN,210,0,0,0,0,0,0
Clamps_08_TN,211,0,0,0,0,0,0
Clamps_08_TN,212,0,0,0,0,0,0
Clamps_08_TN,213,0,0,0,0,0,0
Clamps_08_TN,214,0,0,0,0,0,0
Clamps_08_TN,215,0,0,0,0,0,0
Clamps_08_TN,216,0,0,0,0,0,0
Clamps_08_TN,217,0,0,0,0,0,0
Clamps_08_TN,218,0,0,0,0,0,0
Clamps_08_TN,219,0,0,0,0,0,0
Clamps_08_TN,220,0,0,0,0,0,0
Clamps_08_TN,221,0,0,0,0,0,0
Clamps_08_TN,222,0,0,0,0,0,0
Clamps_08_TN,223,0,0,0,0,0,0
Clamps_08_TN,224,0,0,0,0,0,0
Clamps_08_TN,225,0,0,0,0,0,0
Clamps_08_TN,226,0,0,0,0,0,0
Clamps_08_TN,227,0,0,0,0,0,0
Clamps_08_TN,228,0,0,0,0,0,0
Clamps_08_TN,229,0,0,0,0,0,0
Clamps_08_TN,230,0,0,0,0,0,0
Clamps_08_TN,231,0,0,0,0,0,0
Clamps_08_TN,232,0,0,0,0,0,0
Clamps_08_TN,233,0,0,0,0,0,0
Clamps_08_TN,234,0,0,0,0,0,0
Clamps_08_TN,235,0,0,0,0,0,0
Clamps_08_TN,236,0,0,0,0,0,0
Clamps_08_TN,237,0,0,0,0,0,0
Clamps_08_TN,238,0,0,0,0,0,0
Clamps_08_TN,239,0,0,0,0,0,0
Clamps_08_TN,240,0,0,0,0,0,0
Clamps_08_TN,241,0,0,0,0,0,0
Clamps_08_TN,242,0,0,0,0,0,0
Clamps_08_TN,243,0,0,0,0,0,0
Clamps_08_TN,244,0,0,0,0,0,0
Clamps_08_TN,245,0,0,0,0,0,0
Clamps_08_TN,246,0,0,0,0,0,0
Clamps_08_TN,247,0,0,0,0,0,0
Clamps_08_TN,248,0,0,0,0,0,0
Clamps_08_TN,249,0,0,0,0,0,0
Clamps_08_TN,249,0,0,0,0,0,0
Clamps_08_TN,250,0,0,0,0,0,0