Shoulder_02_XN,0,0,0.0,0.0,0.0,0.0,0.0
Shoulder_02_XN,1,0,0.0,0.0,0.0,0.0,0.0
Shoulder_02_XN,2,0,0.0,0.0,0.0,0.0,0.0
Shoulder_02_XN,3,0,0.0,0.0,0.0,0.0,0.0
Shoulder_02_XN,4,0,0.0,0.0,0.0,0.0,0.0
Shoulder_02_XN,5,0,0.0,0.0,0.0,0.0,0.0
Shoulder_02_XN,6,0,0.0,0.0,0.0,0.0,0.0
Shoulder_02_XN,7,0,0.0,0.0,0.0,0.0,0.0
Shoulder_02_XN,8,0,0.0,0.0,0.0,0.0,0.0
Shoulder_02_XN,9,0,0.0,0.0,0.0,0.0,0.0
Shoulder_02_XN,10,0,0.0,0.0,0.0,0.0,0.0
Shoulder_02_XN,11,0,0.0,0.0,0.0,0.0,0.0
Shoulder_02_XN,12,0,0.0,0.0,0.0,0.0,0.0
Shoulder_02_XN,13,0,0.0,0.0,0.0,0.0,0.0
Shoulder_02_XN,14,0,0.0,0.0,0.0,0.0,0.0
Shoulder_02_XN,15,0,0.0,0.0,0.0,0.0,0.0
Shoulder_02_XN,16,0,0.0,0.0,0.0,0.0,0.0
Shoulder_02_XN,17,0,0.0,0.0,0.0,0.0,0.0
Shoulder_02_XN,18,0,0.0,0.0,0.0,0.0,0.0
Shoulder_02_XN,19,0,0.0,0.0,0.0,0.0,0.0
Shoulder_02_XN,20,0,0.0,0.0,0.0,0.0,0.0
Shoulder_02_XN,21,0,0.0,0.0,0.0,0.0,0.0
Shoulder_02_XN,22,0,0.0,0.0,0.0,0.0,0.0
Shoulder_02_XN,23,0,0.0,0.0,0.0,0.0,0.0
Shoulder_02_XN,24,0,0.0,0.0,0.0,0.0,0.0
Shoulder_02_XN,25,0,0.0,0.0,0.0,0.0,0.0
Shoulder_02_XN,26,0,0.0,0.0,0.0,0.0,0.0
Shoulder_02_XN,27,0,0.0,0.0,0.0,0.0,0.0
Shoulder_02_XN,28,0,0.0,0.0,0.0,0.0,0.0
Shoulder_02_XN,29,0,0.0,0.0,0.0,0.0,0.0
Shoulder_02_XN,30,0,0.0,0.0,0.0,0.0,0.0
Shoulder_02_XN,31,0,0.0,0.0,0.0,0.0,0.0
Shoulder_02_XN,32,0,0.0,0.0,0.0,0.0,0.0
Shoulder_02_XN,33,0,0.0,0.0,0.0,0.0,0.0
Shoulder_02_XN,34,0,0.0,0.0,0.0,0.0,0.0
Shoulder_02_XN,35,0,0.0,0.0,0.0,0.0,0.0
Shoulder_02_XN,36,0,0.0,0.0,0.0,0.0,0.0
Shoulder_02_XN,37,0,0.0,0.0,0.0,0.0,0.0
Shoulder_02_XN,38,0,0.0,0.0,0.0,0.0,0.0
Shoulder_02_XN,39,0,0.0,0.0,0.0,0.0,0.0
Shoulder_02_XN,40,0,0.0,0.0,0.0,0.0,0.0
Shoulder_02_XN,41,0,0.0,0.0,0.0,0.0,0.0
Shoulder_02_XN,42,0,0.0,0.0,0.0,0.0,0.0
Shoulder_02_XN,43,0,0.0,0.0,0.0,0.0,0.0
Shoulder_02_XN,44,0,0.0,0.0,0.0,0.0,0.0
Shoulder_02_XN,45,0,0.0,0.0,0.0,0.0,0.0
Shoulder_02_XN,46,0,0.0,0.0,0.0,0.0,0.0
Shoulder_02_XN,47,0,0.0,0.0,0.0,0.0,0.0
Shoulder_02_XN,48,0,0.0,0.0,0.0,0.0,0.0
Shoulder_02_XN,49,0,0.0,0.0,0.0,0.0,0.0
Shoulder_02_XN,50,0,0.0,0.0,0.0,0.0,0.0
Shoulder_02_XN,51,0,0.0,0.0,0.0,0.0,-0.314460480768
Shoulder_02_XN,52,0,0.0,0.0,0.0,0.0,-1.22921986563
Shoulder_02_XN,53,0,0.0,0.0,0.0,0.0,-2.70140027505
Shoulder_02_XN,54,0,0.0,0.0,0.0,0.0,-4.68825141657
Shoulder_02_XN,55,0,0.0,0.0,0.0,0.0,-7.14666599825
Shoulder_02_XN,56,0,0.0,0.0,0.0,0.0,-10.0338655116
Shoulder_02_XN,57,0,0.0,0.0,0.0,0.0,-13.3069720769
Shoulder_02_XN,58,0,0.0,0.0,0.0,0.0,-16.9233237313
Shoulder_02_XN,59,0,0.0,0.0,0.0,0.0,-20.8396267092
Shoulder_02_XN,60,0,0.0,0.0,0.0,0.0,-25.0132006461
Shoulder_02_XN,61,0,0.0,0.0,0.0,0.0,-29.4011676622
Shoulder_02_XN,62,0,0.0,0.0,0.0,0.0,-33.960914867
Shoulder_02_XN,63,0,0.0,0.0,0.0,0.0,-38.6490405362
Shoulder_02_XN,64,0,0.0,0.0,0.0,0.0,-43.4229231917
Shoulder_02_XN,65,0,0.0,0.0,0.0,0.0,-48.2399609843
Shoulder_02_XN,66,0,0.0,0.0,0.0,0.0,-53.0567227463
Shoulder_02_XN,67,0,0.0,0.0,0.0,0.0,-57.8306054019
Shoulder_02_XN,68,0,0.0,0.0,0.0,0.0,-62.5187310711
Shoulder_02_XN,69,0,0.0,0.0,0.0,0.0,-67.0784782758
Shoulder_02_XN,70,0,0.0,0.0,0.0,0.0,-71.4664452919
Shoulder_02_XN,71,0,0.0,0.0,0.0,0.0,-75.6400192289
Shoulder_02_XN,72,0,0.0,0.0,0.0,0.0,-79.5563222068
Shoulder_02_XN,73,0,0.0,0.0,0.0,0.0,-83.1726738612
Shoulder_02_XN,74,0,0.0,0.0,0.0,0.0,-86.4457804264
Shoulder_02_XN,75,0,0.0,0.0,0.0,0.0,-89.3329799398
Shoulder_02_XN,76,0,0.0,0.0,0.0,0.0,-91.7913945215
Shoulder_02_XN,77,0,0.0,0.0,0.0,0.0,-93.778245663
Shoulder_02_XN,78,0,0.0,0.0,0.0,0.0,-95.2504260724
Shoulder_02_XN,79,0,0.0,0.0,0.0,0.0,-96.1651854573
Shoulder_02_XN,80,0,0.0,0.0,0.0,0.0,-96.479645938
Shoulder_02_XN,81,0,0.0,0.0,0.0,0.0,-96.479645938
Shoulder_02_XN,82,0,0.0,0.0,0.0,0.0,-96.479645938
Shoulder_02_XN,83,0,0.0,0.0,0.0,0.0,-96.479645938
Shoulder_02_XN,84,0,0.0,0.0,0.0,0.0,-96.479645938
Shoulder_02_XN,85,0,0.0,0.0,0.0,0.0,-96.479645938
Shoulder_02_XN,86,0,0.0,0.0,0.0,0.0,-96.479645938
Shoulder_02_XN,87,0,0.0,0.0,0.0,0.0,-96.479645938
Shoulder_02_XN,88,0,0.0,0.0,0.0,0.0,-96.479645938
Shoulder_02_XN,89,0,0.0,0.0,0.0,0.0,-96.479645938
Shoulder_02_XN,90,0,0.0,0.0,0.0,0.0,-96.479645938
Shoulder_02_XN,91,0,0.0,0.0,0.0,0.0,-96.479645938
Shoulder_02_XN,92,0,0.0,0.0,0.0,0.0,-96.479645938
Shoulder_02_XN,93,0,0.0,0.0,0.0,0.0,-96.479645938
Shoulder_02_XN,94,0,0.0,0.0,0.0,0.0,-96.479645938
Shoulder_02_XN,95,0,0.0,0.0,0.0,0.0,-96.479645938
Shoulder_02_XN,96,0,0.0,0.0,0.0,0.0,-96.479645938
Shoulder_02_XN,97,0,0.0,0.0,0.0,0.0,-96.479645938
Shoulder_02_XN,98,0,0.0,0.0,0.0,0.0,-96.479645938
Shoulder_02_XN,99,0,0.0,0.0,0.0,0.0,-96.479645938
Shoulder_02_XN,100,0,0.0,0.0,0.0,0.0,-96.479645938
Shoulder_02_XN,101,0,0.0,0.0,0.0,0.0,-96.479645938
Shoulder_02_XN,102,0,0.0,0.0,0.0,0.0,-96.479645938
Shoulder_02_XN,103,0,0.0,0.0,0.0,0.0,-96.479645938
Shoulder_02_XN,104,0,0.0,0.0,0.0,0.0,-96.479645938
Shoulder_02_XN,105,0,0.0,0.0,0.0,0.0,-96.479645938
Shoulder_02_XN,106,0,0.0,0.0,0.0,0.0,-96.479645938
Shoulder_02_XN,107,0,0.0,0.0,0.0,0.0,-96.479645938
Shoulder_02_XN,108,0,0.0,0.0,0.0,0.0,-96.479645938
Shoulder_02_XN,109,0,0.0,0.0,0.0,0.0,-96.479645938
Shoulder_02_XN,110,0,0.0,0.0,0.0,0.0,-96.479645938
Shoulder_02_XN,111,0,0.0,0.0,0.0,0.0,-96.479645938
Shoulder_02_XN,112,0,0.0,0.0,0.0,0.0,-96.479645938
Shoulder_02_XN,113,0,0.0,0.0,0.0,0.0,-96.479645938
Shoulder_02_XN,114,0,0.0,0.0,0.0,0.0,-96.479645938
Shoulder_02_XN,115,0,0.0,0.0,0.0,0.0,-96.479645938
Shoulder_02_XN,116,0,0.0,0.0,0.0,0.0,-96.479645938
Shoulder_02_XN,117,0,0.0,0.0,0.0,0.0,-96.479645938
Shoulder_02_XN,118,0,0.0,0.0,0.0,0.0,-96.479645938
Shoulder_02_XN,119,0,0.0,0.0,0.0,0.0,-96.479645938
Shoulder_02_XN,120,0,0.0,0.0,0.0,0.0,-96.479645938
Shoulder_02_XN,121,0,0.0,0.0,0.0,0.0,-96.479645938
Shoulder_02_XN,122,0,0.0,0.0,0.0,0.0,-96.479645938
Shoulder_02_XN,123,0,0.0,0.0,0.0,0.0,-96.479645938
Shoulder_02_XN,124,0,0.0,0.0,0.0,0.0,-96.479645938
Shoulder_02_XN,125,0,0.0,0.0,0.0,0.0,-96.479645938
Shoulder_02_XN,126,0,0.0,0.0,0.0,0.0,-96.479645938
Shoulder_02_XN,127,0,0.0,0.0,0.0,0.0,-96.479645938
Shoulder_02_XN,128,0,0.0,0.0,0.0,0.0,-96.479645938
Shoulder_02_XN,129,0,0.0,0.0,0.0,0.0,-96.479645938
Shoulder_02_XN,130,0,0.0,0.0,0.0,0.0,-96.479645938
Shoulder_02_XN,131,0,0.0,0.0,0.0,0.0,-96.479645938
Shoulder_02_XN,132,0,0.0,0.0,0.0,0.0,-96.479645938
Shoulder_02_XN,133,0,0.0,0.0,0.0,0.0,-96.479645938
Shoulder_02_XN,134,0,0.0,0.0,0.0,0.0,-96.479645938
Shoulder_02_XN,135,0,0.0,0.0,0.0,0.0,-96.479645938
Shoulder_02_XN,136,0,0.0,0.0,0.0,0.0,-96.479645938
Shoulder_02_XN,137,0,0.0,0.0,0.0,0.0,-96.479645938
Shoulder_02_XN,138,0,0.0,0.0,0.0,0.0,-96.479645938
Shoulder_02_XN,139,0,0.0,0.0,0.0,0.0,-96.479645938
Shoulder_02_XN,140,0,0.0,0.0,0.0,0.0,-96.479645938
Shoulder_02_XN,141,0,0.0,0.0,0.0,0.0,-96.479645938
Shoulder_02_XN,142,0,0.0,0.0,0.0,0.0,-96.479645938
Shoulder_02_XN,143,0,0.0,0.0,0.0,0.0,-96.479645938
Shoulder_02_XN,144,0,0.0,0.0,0.0,0.0,-96.479645938
Shoulder_02_XN,145,0,0.0,0.0,0.0,0.0,-96.479645938
Shoulder_02_XN,146,0,0.0,0.0,0.0,0.0,-96.479645938
Shoulder_02_XN,147,0,0.0,0.0,0.0,0.0,-96.479645938
Shoulder_02_XN,148,0,0.0,0.0,0.0,0.0,-96.479645938
Shoulder_02_XN,149,0,0.0,0.0,0.0,0.0,-96.479645938
Shoulder_02_XN,150,0,0.0,0.0,0.0,0.0,-96.479645938
Shoulder_02_XN,151,0,0.0,0.0,0.0,0.0,-96.479645938
Shoulder_02_XN,152,0,0.0,0.0,0.0,0.0,-96.479645938
Shoulder_02_XN,153,0,0.0,0.0,0.0,0.0,-96.479645938
Shoulder_02_XN,154,0,0.0,0.0,0.0,0.0,-96.479645938
Shoulder_02_XN,155,0,0.0,0.0,0.0,0.0,-96.479645938
Shoulder_02_XN,156,0,0.0,0.0,0.0,0.0,-96.479645938
Shoulder_02_XN,157,0,0.0,0.0,0.0,0.0,-96.479645938
Shoulder_02_XN,158,0,0.0,0.0,0.0,0.0,-96.479645938
Shoulder_02_XN,159,0,0.0,0.0,0.0,0.0,-96.479645938
Shoulder_02_XN,160,0,0.0,0.0,0.0,0.0,-96.479645938
Shoulder_02_XN,161,0,0.0,0.0,0.0,0.0,-96.479645938
Shoulder_02_XN,162,0,0.0,0.0,0.0,0.0,-96.479645938
Shoulder_02_XN,163,0,0.0,0.0,0.0,0.0,-96.479645938
Shoulder_02_XN,164,0,0.0,0.0,0.0,0.0,-96.479645938
Shoulder_02_XN,165,0,0.0,0.0,0.0,0.0,-96.479645938
Shoulder_02_XN,166,0,0.0,0.0,0.0,0.0,-96.479645938
Shoulder_02_XN,167,0,0.0,0.0,0.0,0.0,-96.479645938
Shoulder_02_XN,168,0,0.0,0.0,0.0,0.0,-96.479645938
Shoulder_02_XN,169,0,0.0,0.0,0.0,0.0,-96.479645938
Shoulder_02_XN,170,0,0.0,0.0,0.0,0.0,-96.479645938
Shoulder_02_XN,171,0,0.0,0.0,0.0,0.0,-96.479645938
Shoulder_02_XN,172,0,0.0,0.0,0.0,0.0,-96.479645938
Shoulder_02_XN,173,0,0.0,0.0,0.0,0.0,-96.479645938
Shoulder_02_XN,174,0,0.0,0.0,0.0,0.0,-96.479645938
Shoulder_02_XN,175,0,0.0,0.0,0.0,0.0,-96.479645938
Shoulder_02_XN,176,0,0.0,0.0,0.0,0.0,-96.479645938
Shoulder_02_XN,177,0,0.0,0.0,0.0,0.0,-96.479645938
Shoulder_02_XN,178,0,0.0,0.0,0.0,0.0,-96.479645938
Shoulder_02_XN,179,0,0.0,0.0,0.0,0.0,-96.479645938
Shoulder_02_XN,180,0,0.0,0.0,0.0,0.0,-96.479645938
Shoulder_02_XN,181,0,0.0,0.0,0.0,0.0,-96.479645938
Shoulder_02_XN,182,0,0.0,0.0,0.0,0.0,-96.479645938
Shoulder_02_XN,183,0,0.0,0.0,0.0,0.0,-96.479645938
Shoulder_02_XN,184,0,0.0,0.0,0.0,0.0,-96.479645938
Shoulder_02_XN,185,0,0.0,0.0,0.0,0.0,-96.479645938
Shoulder_02_XN,186,0,0.0,0.0,0.0,0.0,-96.479645938
Shoulder_02_XN,187,0,0.0,0.0,0.0,0.0,-96.479645938
Shoulder_02_XN,188,0,0.0,0.0,0.0,0.0,-96.479645938
Shoulder_02_XN,189,0,0.0,0.0,0.0,0.0,-96.479645938
Shoulder_02_XN,190,0,0.0,0.0,0.0,0.0,-96.479645938
Shoulder_02_XN,191,0,0.0,0.0,0.0,0.0,-96.479645938
Shoulder_02_XN,192,0,0.0,0.0,0.0,0.0,-96.479645938
Shoulder_02_XN,193,0,0.0,0.0,0.0,0.0,-96.479645938
Shoulder_02_XN,194,0,0.0,0.0,0.0,0.0,-96.479645938
Shoulder_02_XN,195,0,0.0,0.0,0.0,0.0,-96.479645938
Shoulder_02_XN,196,0,0.0,0.0,0.0,0.0,-96.479645938
Shoulder_02_XN,197,0,0.0,0.0,0.0,0.0,-96.479645938
Shoulder_02_XN,198,0,0.0,0.0,0.0,0.0,-96.479645938
Shoulder_02_XN,199,0,0.0,0.0,0.0,0.0,-96.479645938
Shoulder_02_XN,200,0,0.0,0.0,0.0,0.0,-96.479645938
Bicep_03_YN,0,0,0,0,0,0,0.0
Bicep_03_YN,1,0,0,0,0,0,-0.0263455008867
Bicep_03_YN,2,0,0,0,0,0,-0.105194207455
Bicep_03_YN,3,0,0,0,0,0,-0.225301028363
Bicep_03_YN,4,0,0,0,0,0,-0.372202408802
Bicep_03_YN,5,0,0,0,0,0,-0.539214240458
Bicep_03_YN,6,0,0,0,0,0,-0.69709401687
Bicep_03_YN,7,0,0,0,0,0,-0.823608368145
Bicep_03_YN,8,0,0,0,0,0,-0.920328766165
Bicep_03_YN,9,0,0,0,0,0,-0.941513695192
Bicep_03_YN,10,0,0,0,0,0,-0.896053767569
Bicep_03_YN,11,0,0,0,0,0,-0.746972176186
Bicep_03_YN,12,0,0,0,0,0,-0.510667943847
Bicep_03_YN,13,0,0,0,0,0,-0.155717503261
Bicep_03_YN,14,0,0,0,0,0,0.289870578335
Bicep_03_YN,15,0,0,0,0,0,0.849200435901
Bicep_03_YN,16,0,0,0,0,0,1.48715060764
Bicep_03_YN,17,0,0,0,0,0,2.21271233921
Bicep_03_YN,18,0,0,0,0,0,2.9922933719
Bicep_03_YN,19,0,0,0,0,0,3.81774886958
Bicep_03_YN,20,0,0,0,0,0,4.66603253574
Bicep_03_YN,21,0,0,0,0,0,5.51631403276
Bicep_03_YN,22,0,0,0,0,0,6.32373180177
Bicep_03_YN,23,0,0,0,0,0,7.09843943973
Bicep_03_YN,24,0,0,0,0,0,7.80960576127
Bicep_03_YN,25,0,0,0,0,0,8.4399656906
Bicep_03_YN,26,0,0,0,0,0,8.97478090091
Bicep_03_YN,27,0,0,0,0,0,9.4020513568
Bicep_03_YN,28,0,0,0,0,0,9.70126054062
Bicep_03_YN,29,0,0,0,0,0,9.88828742863
Bicep_03_YN,30,0,0,0,0,0,9.9507857709
Bicep_03_YN,31,0,0,0,0,0,9.89174433727
Bicep_03_YN,32,0,0,0,0,0,9.72973659178
Bicep_03_YN,33,0,0,0,0,0,9.49524107405
Bicep_03_YN,34,0,0,0,0,0,9.17905893391
Bicep_03_YN,35,0,0,0,0,0,8.80870801793
Bicep_03_YN,36,0,0,0,0,0,8.39460797252
Bicep_03_YN,37,0,0,0,0,0,7.94641836031
Bicep_03_YN,38,0,0,0,0,0,7.47242509549
Bicep_03_YN,39,0,0,0,0,0,6.97980636441
Bicep_03_YN,40,0,0,0,0,0,6.47495407228
Bicep_03_YN,41,0,0,0,0,0,5.96336588773
Bicep_03_YN,42,0,0,0,0,0,5.44976799352
Bicep_03_YN,43,0,0,0,0,0,4.94786581653
Bicep_03_YN,44,0,0,0,0,0,4.43852591368
Bicep_03_YN,45,0,0,0,0,0,3.93999362605
Bicep_03_YN,46,0,0,0,0,0,3.45502392432
Bicep_03_YN,47,0,0,0,0,0,2.98596325342
Bicep_03_YN,48,0,0,0,0,0,2.53473247225
Bicep_03_YN,49,0,0,0,0,0,2.11082431478
Bicep_03_YN,50,0,0,0,0,0,1.69561498779
Bicep_03_YN,51,0,0,0,0,0,1.30509060633
Bicep_03_YN,52,0,0,0,0,0,0.939638370072
Bicep_03_YN,53,0,0,0,0,0,0.613363947321
Bicep_03_YN,54,0,0,0,0,0,0.291179937446
Bicep_03_YN,55,0,0,0,0,0,-0.00126564477719
Bicep_03_YN,56,0,0,0,0,0,-0.264729161668
Bicep_03_YN,57,0,0,0,0,0,-0.500217119967
Bicep_03_YN,58,0,0,0,0,0,-0.700972544682
Bicep_03_YN,59,0,0,0,0,0,-0.887738195866
Bicep_03_YN,60,0,0,0,0,0,-1.04460582087
Bicep_03_YN,61,0,0,0,0,0,-1.17361578533
Bicep_03_YN,62,0,0,0,0,0,-1.26865676524
Bicep_03_YN,63,0,0,0,0,0,-1.35184335998
Bicep_03_YN,64,0,0,0,0,0,-1.40685011226
Bicep_03_YN,65,0,0,0,0,0,-1.43656896682
Bicep_03_YN,66,0,0,0,0,0,-1.43571096179
Bicep_03_YN,67,0,0,0,0,0,-1.42658569603
Bicep_03_YN,68,0,0,0,0,0,-1.39348033602
Bicep_03_YN,69,0,0,0,0,0,-1.34002847684
Bicep_03_YN,70,0,0,0,0,0,-1.26026396265
Bicep_03_YN,71,0,0,0,0,0,-1.18046762049
Bicep_03_YN,72,0,0,0,0,0,-1.0835522119
Bicep_03_YN,73,0,0,0,0,0,-0.973896499059
Bicep_03_YN,74,0,0,0,0,0,-0.855582043306
Bicep_03_YN,75,0,0,0,0,0,-0.723679359138
Bicep_03_YN,76,0,0,0,0,0,-0.602187969083
Bicep_03_YN,77,0,0,0,0,0,-0.479309194013
Bicep_03_YN,78,0,0,0,0,0,-0.360067188359
Bicep_03_YN,79,0,0,0,0,0,-0.249192705661
Bicep_03_YN,80,0,0,0,0,0,-0.151187470462
Bicep_03_YN,81,0,0,0,0,0,-0.0525367053649
Bicep_03_YN,82,0,0,0,0,0,0.0645395342206
Bicep_03_YN,83,0,0,0,0,0,0.20397230876
Bicep_03_YN,84,0,0,0,0,0,0.372394958652
Bicep_03_YN,85,0,0,0,0,0,0.579679116175
Bicep_03_YN,86,0,0,0,0,0,0.839530775075
Bicep_03_YN,87,0,0,0,0,0,1.13992014403
Bicep_03_YN,88,0,0,0,0,0,1.52848961463
Bicep_03_YN,89,0,0,0,0,0,2.01171257226
Bicep_03_YN,90,0,0,0,0,0,2.5891487055
Bicep_03_YN,91,0,0,0,0,0,3.29060090369
Bicep_03_YN,92,0,0,0,0,0,4.12354636147
Bicep_03_YN,93,0,0,0,0,0,5.07519141467
Bicep_03_YN,94,0,0,0,0,0,6.16112674438
Bicep_03_YN,95,0,0,0,0,0,7.3675063055
Bicep_03_YN,96,0,0,0,0,0,8.66126163931
Bicep_03_YN,97,0,0,0,0,0,10.0334592776
Bicep_03_YN,98,0,0,0,0,0,11.4485538794
Bicep_03_YN,99,0,0,0,0,0,12.8731825416
Bicep_03_YN,100,0,0,0,0,0,14.2729760979
Bicep_03_YN,101,0,0,0,0,0,15.601051294
Bicep_03_YN,102,0,0,0,0,0,16.8504477511
Bicep_03_YN,103,0,0,0,0,0,17.9880856507
Bicep_03_YN,104,0,0,0,0,0,18.9949128681
Bicep_03_YN,105,0,0,0,0,0,19.8569381213
Bicep_03_YN,106,0,0,0,0,0,20.565013716
Bicep_03_YN,107,0,0,0,0,0,21.1142671423
Bicep_03_YN,108,0,0,0,0,0,21.5033299266
Bicep_03_YN,109,0,0,0,0,0,21.7337347462
Bicep_03_YN,110,0,0,0,0,0,21.809355116
Bicep_03_YN,111,0,0,0,0,0,21.7357090182
Bicep_03_YN,112,0,0,0,0,0,21.5293303705
Bicep_03_YN,113,0,0,0,0,0,21.2096476422
Bicep_03_YN,114,0,0,0,0,0,20.793321767
Bicep_03_YN,115,0,0,0,0,0,20.2948455768
Bicep_03_YN,116,0,0,0,0,0,19.7269719558
Bicep_03_YN,117,0,0,0,0,0,19.1009942848
Bicep_03_YN,118,0,0,0,0,0,18.4269673415
Bicep_03_YN,119,0,0,0,0,0,17.7140549379
Bicep_03_YN,120,0,0,0,0,0,16.9703409985
Bicep_03_YN,121,0,0,0,0,0,16.2034146398
Bicep_03_YN,122,0,0,0,0,0,15.4200106437
Bicep_03_YN,123,0,0,0,0,0,14.6389396009
Bicep_03_YN,124,0,0,0,0,0,13.8375892731
Bicep_03_YN,125,0,0,0,0,0,13.0370822919
Bicep_03_YN,126,0,0,0,0,0,12.2420328091
Bicep_03_YN,127,0,0,0,0,0,11.4569107913
Bicep_03_YN,128,0,0,0,0,0,10.6855260209
Bicep_03_YN,129,0,0,0,0,0,9.93127377498
Bicep_03_YN,130,0,0,0,0,0,9.19715273446
Bicep_03_YN,131,0,0,0,0,0,8.48579437662
Bicep_03_YN,132,0,0,0,0,0,7.79927929217
Bicep_03_YN,133,0,0,0,0,0,7.14830662408
Bicep_03_YN,134,0,0,0,0,0,6.51282540728
Bicep_03_YN,135,0,0,0,0,0,5.90881883891
Bicep_03_YN,136,0,0,0,0,0,5.33707695165
Bicep_03_YN,137,0,0,0,0,0,4.79789355888
Bicep_03_YN,138,0,0,0,0,0,4.29137440067
Bicep_03_YN,139,0,0,0,0,0,3.82677534155
Bicep_03_YN,140,0,0,0,0,0,3.38020197341
Bicep_03_YN,141,0,0,0,0,0,2.96861591038
Bicep_03_YN,142,0,0,0,0,0,2.59070392384
Bicep_03_YN,143,0,0,0,0,0,2.24509491506
Bicep_03_YN,144,0,0,0,0,0,1.93035478314
Bicep_03_YN,145,0,0,0,0,0,1.65196585375
Bicep_03_YN,146,0,0,0,0,0,1.39155075803
Bicep_03_YN,147,0,0,0,0,0,1.16086381747
Bicep_03_YN,148,0,0,0,0,0,0.95751200043
Bicep_03_YN,149,0,0,0,0,0,0.779213140765
Bicep_03_YN,150,0,0,0,0,0,0.637435460724
Bicep_03_YN,151,0,0,0,0,0,0.497246605419
Bicep_03_YN,152,0,0,0,0,0,0.379634819932
Bicep_03_YN,153,0,0,0,0,0,0.281969310844
Bicep_03_YN,154,0,0,0,0,0,0.201897712363
Bicep_03_YN,155,0,0,0,0,0,0.137364203013
Bicep_03_YN,156,0,0,0,0,0,0.086647470556
Bicep_03_YN,157,0,0,0,0,0,0.0532135724711
Bicep_03_YN,158,0,0,0,0,0,0.0224080540658
Bicep_03_YN,159,0,0,0,0,0,0.00545804925224
Bicep_03_YN,160,0,0,0,0,0,0.0
Bicep_03_YN,161,0,0,0,0,0,0.0
Bicep_03_YN,162,0,0,0,0,0,0.0
Bicep_03_YN,163,0,0,0,0,0,0.0
Bicep_03_YN,164,0,0,0,0,0,0.0
Bicep_03_YN,165,0,0,0,0,0,0.0
Bicep_03_YN,166,0,0,0,0,0,0.0
Bicep_03_YN,167,0,0,0,0,0,0.0
Bicep_03_YN,168,0,0,0,0,0,0.0
Bicep_03_YN,169,0,0,0,0,0,0.0
Bicep_03_YN,170,0,0,0,0,0,0.0
Bicep_03_YN,171,0,0,0,0,0,0.0
Bicep_03_YN,172,0,0,0,0,0,0.0
Bicep_03_YN,173,0,0,0,0,0,0.0
Bicep_03_YN,174,0,0,0,0,0,0.0
Bicep_03_YN,175,0,0,0,0,0,0.0
Bicep_03_YN,176,0,0,0,0,0,0.0
Bicep_03_YN,177,0,0,0,0,0,0.0
Bicep_03_YN,178,0,0,0,0,0,0.0
Bicep_03_YN,179,0,0,0,0,0,0.0
Bicep_03_YN,180,0,0,0,0,0,0.0
Bicep_03_YN,181,0,0,0,0,0,0.0
Bicep_03_YN,182,0,0,0,0,0,0.0
Bicep_03_YN,183,0,0,0,0,0,0.0
Bicep_03_YN,184,0,0,0,0,0,0.0
Bicep_03_YN,185,0,0,0,0,0,0.0
Bicep_03_YN,186,0,0,0,0,0,0.0
Bicep_03_YN,187,0,0,0,0,0,0.0
Bicep_03_YN,188,0,0,0,0,0,0.0
Bicep_03_YN,189,0,0,0,0,0,0.0
Bicep_03_YN,190,0,0,0,0,0,0.0
Bicep_03_YN,191,0,0,0,0,0,0.0
Bicep_03_YN,192,0,0,0,0,0,0.0
Bicep_03_YN,193,0,0,0,0,0,0.0
Bicep_03_YN,194,0,0,0,0,0,0.0
Bicep_03_YN,195,0,0,0,0,0,0.0
Bicep_03_YN,196,0,0,0,0,0,0.0
Bicep_03_YN,197,0,0,0,0,0,0.0
Bicep_03_YN,198,0,0,0,0,0,0.0
Bicep_03_YN,199,0,0,0,0,0,0.0
Bicep_03_YN,200,0,0,0,0,0,0.0
Forearm_04_ZN,0,0,0,0,0,0,2.51524724712e-14
Forearm_04_ZN,1,0,0,0,0,0,0.176024718226
Forearm_04_ZN,2,0,0,0,0,0,0.700962389658
Forearm_04_ZN,3,0,0,0,0,0,1.55086021235
Forearm_04_ZN,4,0,0,0,0,0,2.69594886183
Forearm_04_ZN,5,0,0,0,0,0,4.11876270696
Forearm_04_ZN,6,0,0,0,0,0,5.76248819308
Forearm_04_ZN,7,0,0,0,0,0,7.58140466096
Forearm_04_ZN,8,0,0,0,0,0,9.56620883452
Forearm_04_ZN,9,0,0,0,0,0,11.6293946451
Forearm_04_ZN,10,0,0,0,0,0,13.7684357907
Forearm_04_ZN,11,0,0,0,0,0,15.9062430391
Forearm_04_ZN,12,0,0,0,0,0,18.0453138901
Forearm_04_ZN,13,0,0,0,0,0,20.1139010318
Forearm_04_ZN,14,0,0,0,0,0,22.1245810273
Forearm_04_ZN,15,0,0,0,0,0,24.0156069321
Forearm_04_ZN,16,0,0,0,0,0,25.8038181226
Forearm_04_ZN,17,0,0,0,0,0,27.4465849948
Forearm_04_ZN,18,0,0,0,0,0,28.9563962206
Forearm_04_ZN,19,0,0,0,0,0,30.3147739577
Forearm_04_ZN,20,0,0,0,0,0,31.5230328626
Forearm_04_ZN,21,0,0,0,0,0,32.5820775239
Forearm_04_ZN,22,0,0,0,0,0,33.521470004
Forearm_04_ZN,23,0,0,0,0,0,34.3131180969
Forearm_04_ZN,24,0,0,0,0,0,34.9770174526
Forearm_04_ZN,25,0,0,0,0,0,35.5209298553
Forearm_04_ZN,26,0,0,0,0,0,35.9527236013
Forearm_04_ZN,27,0,0,0,0,0,36.2796500157
Forearm_04_ZN,28,0,0,0,0,0,36.5192828979
Forearm_04_ZN,29,0,0,0,0,0,36.6551694405
Forearm_04_ZN,30,0,0,0,0,0,36.6999949361
Forearm_04_ZN,31,0,0,0,0,0,36.6614787252
Forearm_04_ZN,32,0,0,0,0,0,36.5544751563
Forearm_04_ZN,33,0,0,0,0,0,36.3775627571
Forearm_04_ZN,34,0,0,0,0,0,36.1618433152
Forearm_04_ZN,35,0,0,0,0,0,35.897674921
Forearm_04_ZN,36,0,0,0,0,0,35.5890226071
Forearm_04_ZN,37,0,0,0,0,0,35.2382242031
Forearm_04_ZN,38,0,0,0,0,0,34.8470090894
Forearm_04_ZN,39,0,0,0,0,0,34.4167226732
Forearm_04_ZN,40,0,0,0,0,0,33.9486061181
Forearm_04_ZN,41,0,0,0,0,0,33.4436893867
Forearm_04_ZN,42,0,0,0,0,0,32.9028391545
Forearm_04_ZN,43,0,0,0,0,0,32.316816083
Forearm_04_ZN,44,0,0,0,0,0,31.7115001452
Forearm_04_ZN,45,0,0,0,0,0,31.0715308206
Forearm_04_ZN,46,0,0,0,0,0,30.3978847466
Forearm_04_ZN,47,0,0,0,0,0,29.6917482967
Forearm_04_ZN,48,0,0,0,0,0,28.9543619652
Forearm_04_ZN,49,0,0,0,0,0,28.1774370697
Forearm_04_ZN,50,0,0,0,0,0,27.3867176019
Forearm_04_ZN,51,0,0,0,0,0,26.5658045605
Forearm_04_ZN,52,0,0,0,0,0,25.7164237959
Forearm_04_ZN,53,0,0,0,0,0,24.8225886831
Forearm_04_ZN,54,0,0,0,0,0,23.9327004036
Forearm_04_ZN,55,0,0,0,0,0,23.0152723161
Forearm_04_ZN,56,0,0,0,0,0,22.0733122326
Forearm_04_ZN,57,0,0,0,0,0,21.1096962426
Forearm_04_ZN,58,0,0,0,0,0,20.1167196117
Forearm_04_ZN,59,0,0,0,0,0,19.1254346505
Forearm_04_ZN,60,0,0,0,0,0,18.1152189277
Forearm_04_ZN,61,0,0,0,0,0,17.0902330499
Forearm_04_ZN,62,0,0,0,0,0,16.0431147295
Forearm_04_ZN,63,0,0,0,0,0,15.0084505091
Forearm_04_ZN,64,0,0,0,0,0,13.9635824348
Forearm_04_ZN,65,0,0,0,0,0,12.9145524875
Forearm_04_ZN,66,0,0,0,0,0,11.8549088275
Forearm_04_ZN,67,0,0,0,0,0,10.8215607789
Forearm_04_ZN,68,0,0,0,0,0,9.79240029426
Forearm_04_ZN,69,0,0,0,0,0,8.7754012936
Forearm_04_ZN,70,0,0,0,0,0,7.7639052254
Forearm_04_ZN,71,0,0,0,0,0,6.8038295044
Forearm_04_ZN,72,0,0,0,0,0,5.8713495318
Forearm_04_ZN,73,0,0,0,0,0,4.97839354877
Forearm_04_ZN,74,0,0,0,0,0,4.13719202032
Forearm_04_ZN,75,0,0,0,0,0,3.34611247701
Forearm_04_ZN,76,0,0,0,0,0,2.65397152417
Forearm_04_ZN,77,0,0,0,0,0,2.05136506764
Forearm_04_ZN,78,0,0,0,0,0,1.560166264
Forearm_04_ZN,79,0,0,0,0,0,1.20580982571
Forearm_04_ZN,80,0,0,0,0,0,1.01933920401
Forearm_04_ZN,81,0,0,0,0,0,1.01921723247
Forearm_04_ZN,82,0,0,0,0,0,1.20312437536
Forearm_04_ZN,83,0,0,0,0,0,1.57384735249
Forearm_04_ZN,84,0,0,0,0,0,2.12978293259
Forearm_04_ZN,85,0,0,0,0,0,2.86366874498
Forearm_04_ZN,86,0,0,0,0,0,3.76110411268
Forearm_04_ZN,87,0,0,0,0,0,4.84914373742
Forearm_04_ZN,88,0,0,0,0,0,6.05190687466
Forearm_04_ZN,89,0,0,0,0,0,7.35909245438
Forearm_04_ZN,90,0,0,0,0,0,8.76565840531
Forearm_04_ZN,91,0,0,0,0,0,10.2101153589
Forearm_04_ZN,92,0,0,0,0,0,11.6598014592
Forearm_04_ZN,93,0,0,0,0,0,13.1045604664
Forearm_04_ZN,94,0,0,0,0,0,14.4805246396
Forearm_04_ZN,95,0,0,0,0,0,15.7622567229
Forearm_04_ZN,96,0,0,0,0,0,16.9469870443
Forearm_04_ZN,97,0,0,0,0,0,17.9923170585
Forearm_04_ZN,98,0,0,0,0,0,18.896454562
Forearm_04_ZN,99,0,0,0,0,0,19.657303522
Forearm_04_ZN,100,0,0,0,0,0,20.2807135291
Forearm_04_ZN,101,0,0,0,0,0,20.7980221927
Forearm_04_ZN,102,0,0,0,0,0,21.1923998483
Forearm_04_ZN,103,0,0,0,0,0,21.4926860608
Forearm_04_ZN,104,0,0,0,0,0,21.715393782
Forearm_04_ZN,105,0,0,0,0,0,21.8760876002
Forearm_04_ZN,106,0,0,0,0,0,21.988526627
Forearm_04_ZN,107,0,0,0,0,0,22.0641480286
Forearm_04_ZN,108,0,0,0,0,0,22.1118211426
Forearm_04_ZN,109,0,0,0,0,0,22.1378383167
Forearm_04_ZN,110,0,0,0,0,0,22.1460397036
Forearm_04_ZN,111,0,0,0,0,0,22.1404289692
Forearm_04_ZN,112,0,0,0,0,0,22.12380432
Forearm_04_ZN,113,0,0,0,0,0,22.0954022425
Forearm_04_ZN,114,0,0,0,0,0,22.0535066413
Forearm_04_ZN,115,0,0,0,0,0,21.99588105
Forearm_04_ZN,116,0,0,0,0,0,21.9200510579
Forearm_04_ZN,117,0,0,0,0,0,21.8234861841
Forearm_04_ZN,118,0,0,0,0,0,21.7037184682
Forearm_04_ZN,119,0,0,0,0,0,21.5584559237
Forearm_04_ZN,120,0,0,0,0,0,21.3855738534
Forearm_04_ZN,121,0,0,0,0,0,21.1832468098
Forearm_04_ZN,122,0,0,0,0,0,20.9498972949
Forearm_04_ZN,123,0,0,0,0,0,20.6664174079
Forearm_04_ZN,124,0,0,0,0,0,20.3715418133
Forearm_04_ZN,125,0,0,0,0,0,20.0423108355
Forearm_04_ZN,126,0,0,0,0,0,19.678071343
Forearm_04_ZN,127,0,0,0,0,0,19.2786289683
Forearm_04_ZN,128,0,0,0,0,0,18.8440343381
Forearm_04_ZN,129,0,0,0,0,0,18.3746902924
Forearm_04_ZN,130,0,0,0,0,0,17.8713631562
Forearm_04_ZN,131,0,0,0,0,0,17.33517174
Forearm_04_ZN,132,0,0,0,0,0,16.767414753
Forearm_04_ZN,133,0,0,0,0,0,16.1566510695
Forearm_04_ZN,134,0,0,0,0,0,15.5370989831
Forearm_04_ZN,135,0,0,0,0,0,14.8886205354
Forearm_04_ZN,136,0,0,0,0,0,14.2139141627
Forearm_04_ZN,137,0,0,0,0,0,13.5158858415
Forearm_04_ZN,138,0,0,0,0,0,12.7977047174
Forearm_04_ZN,139,0,0,0,0,0,12.0480017683
Forearm_04_ZN,140,0,0,0,0,0,11.3072619831
Forearm_04_ZN,141,0,0,0,0,0,10.5519802584
Forearm_04_ZN,142,0,0,0,0,0,9.78673151984
Forearm_04_ZN,143,0,0,0,0,0,9.0162852672
Forearm_04_ZN,144,0,0,0,0,0,8.2457199889
Forearm_04_ZN,145,0,0,0,0,0,7.46854419762
Forearm_04_ZN,146,0,0,0,0,0,6.71705237638
Forearm_04_ZN,147,0,0,0,0,0,5.9749715318
Forearm_04_ZN,148,0,0,0,0,0,5.24839732641
Forearm_04_ZN,149,0,0,0,0,0,4.5440456064
Forearm_04_ZN,150,0,0,0,0,0,3.84512059805
Forearm_04_ZN,151,0,0,0,0,0,3.21330777082
Forearm_04_ZN,152,0,0,0,0,0,2.61649937887
Forearm_04_ZN,153,0,0,0,0,0,2.06230593496
Forearm_04_ZN,154,0,0,0,0,0,1.55836889217
Forearm_04_ZN,155,0,0,0,0,0,1.1121339145
Forearm_04_ZN,156,0,0,0,0,0,0.730917882093
Forearm_04_ZN,157,0,0,0,0,0,0.413397043364
Forearm_04_ZN,158,0,0,0,0,0,0.190669069364
Forearm_04_ZN,159,0,0,0,0,0,0.0491880531456
Forearm_04_ZN,160,0,0,0,0,0,0.0
Forearm_04_ZN,161,0,0,0,0,0,0.0
Forearm_04_ZN,162,0,0,0,0,0,0.0
Forearm_04_ZN,163,0,0,0,0,0,0.0
Forearm_04_ZN,164,0,0,0,0,0,0.0
Forearm_04_ZN,165,0,0,0,0,0,0.0
Forearm_04_ZN,166,0,0,0,0,0,0.0
Forearm_04_ZN,167,0,0,0,0,0,0.0
Forearm_04_ZN,168,0,0,0,0,0,0.0
Forearm_04_ZN,169,0,0,0,0,0,0.0
Forearm_04_ZN,170,0,0,0,0,0,0.0
Forearm_04_ZN,171,0,0,0,0,0,0.0
Forearm_04_ZN,172,0,0,0,0,0,0.0
Forearm_04_ZN,173,0,0,0,0,0,0.0
Forearm_04_ZN,174,0,0,0,0,0,0.0
Forearm_04_ZN,175,0,0,0,0,0,0.0
Forearm_04_ZN,176,0,0,0,0,0,0.0
Forearm_04_ZN,177,0,0,0,0,0,0.0
Forearm_04_ZN,178,0,0,0,0,0,0.0
Forearm_04_ZN,179,0,0,0,0,0,0.0
Forearm_04_ZN,180,0,0,0,0,0,0.0
Forearm_04_ZN,181,0,0,0,0,0,0.0
Forearm_04_ZN,182,0,0,0,0,0,0.0
Forearm_04_ZN,183,0,0,0,0,0,0.0
Forearm_04_ZN,184,0,0,0,0,0,0.0
Forearm_04_ZN,185,0,0,0,0,0,0.0
Forearm_04_ZN,186,0,0,0,0,0,0.0
Forearm_04_ZN,187,0,0,0,0,0,0.0
Forearm_04_ZN,188,0,0,0,0,0,0.0
Forearm_04_ZN,189,0,0,0,0,0,0.0
Forearm_04_ZN,190,0,0,0,0,0,0.0
Forearm_04_ZN,191,0,0,0,0,0,0.0
Forearm_04_ZN,192,0,0,0,0,0,0.0
Forearm_04_ZN,193,0,0,0,0,0,0.0
Forearm_04_ZN,194,0,0,0,0,0,0.0
Forearm_04_ZN,195,0,0,0,0,0,0.0
Forearm_04_ZN,196,0,0,0,0,0,0.0
Forearm_04_ZN,197,0,0,0,0,0,0.0
Forearm_04_ZN,198,0,0,0,0,0,0.0
Forearm_04_ZN,199,0,0,0,0,0,0.0
Forearm_04_ZN,200,0,0,0,0,0,0.0
TuningFork_05_UN,0,0,0,0,0,0.0,0
TuningFork_05_UN,1,0,0,0,0,-0.0624431063723,0
TuningFork_05_UN,2,0,0,0,0,-0.247774529315,0
TuningFork_05_UN,3,0,0,0,0,-0.552039937252,0
TuningFork_05_UN,4,0,0,0,0,-0.969963004959,0
TuningFork_05_UN,5,0,0,0,0,-1.49493191777,0
TuningFork_05_UN,6,0,0,0,0,-2.11891101405,0
TuningFork_05_UN,7,0,0,0,0,-2.83266829476,0
TuningFork_05_UN,8,0,0,0,0,-3.62562882179,0
TuningFork_05_UN,9,0,0,0,0,-4.48640064835,0
TuningFork_05_UN,10,0,0,0,0,-5.4026854141,0
TuningFork_05_UN,11,0,0,0,0,-6.36154755242,0
TuningFork_05_UN,12,0,0,0,0,-7.34994974631,0
TuningFork_05_UN,13,0,0,0,0,-8.35474726444,0
TuningFork_05_UN,14,0,0,0,0,-9.36312140318,0
TuningFork_05_UN,15,0,0,0,0,-10.3627945277,0
TuningFork_05_UN,16,0,0,0,0,-11.3421588654,0
TuningFork_05_UN,17,0,0,0,0,-12.290585397,0
TuningFork_05_UN,18,0,0,0,0,-13.1984246575,0
TuningFork_05_UN,19,0,0,0,0,-14.0571770852,0
TuningFork_05_UN,20,0,0,0,0,-14.8593747748,0
TuningFork_05_UN,21,0,0,0,0,-15.598728183,0
TuningFork_05_UN,22,0,0,0,0,-16.2699977082,0
TuningFork_05_UN,23,0,0,0,0,-16.8689454593,0
TuningFork_05_UN,24,0,0,0,0,-17.3922666392,0
TuningFork_05_UN,25,0,0,0,0,-17.8374511349,0
TuningFork_05_UN,26,0,0,0,0,-18.2027937387,0
TuningFork_05_UN,27,0,0,0,0,-18.4871954404,0
TuningFork_05_UN,28,0,0,0,0,-18.6901537568,0
TuningFork_05_UN,29,0,0,0,0,-18.8116169343,0
TuningFork_05_UN,30,0,0,0,0,-18.8519665819,0
TuningFork_05_UN,31,0,0,0,0,-18.8519665819,0
TuningFork_05_UN,32,0,0,0,0,-18.8519665819,0
TuningFork_05_UN,33,0,0,0,0,-18.8519665819,0
TuningFork_05_UN,34,0,0,0,0,-18.8519665819,0
TuningFork_05_UN,35,0,0,0,0,-18.8519665819,0
TuningFork_05_UN,36,0,0,0,0,-18.8519665819,0
TuningFork_05_UN,37,0,0,0,0,-18.8519665819,0
TuningFork_05_UN,38,0,0,0,0,-18.8519665819,0
TuningFork_05_UN,39,0,0,0,0,-18.8519665819,0
TuningFork_05_UN,40,0,0,0,0,-18.8519665819,0
TuningFork_05_UN,41,0,0,0,0,-18.8519665819,0
TuningFork_05_UN,42,0,0,0,0,-18.8519665819,0
TuningFork_05_UN,43,0,0,0,0,-18.8519665819,0
TuningFork_05_UN,44,0,0,0,0,-18.8519665819,0
TuningFork_05_UN,45,0,0,0,0,-18.8519665819,0
TuningFork_05_UN,46,0,0,0,0,-18.8519665819,0
TuningFork_05_UN,47,0,0,0,0,-18.8519665819,0
TuningFork_05_UN,48,0,0,0,0,-18.8519665819,0
TuningFork_05_UN,49,0,0,0,0,-18.8519665819,0
TuningFork_05_UN,50,0,0,0,0,-18.8519665819,0
TuningFork_05_UN,51,0,0,0,0,-18.8519665819,0
TuningFork_05_UN,52,0,0,0,0,-18.8519665819,0
TuningFork_05_UN,53,0,0,0,0,-18.8519665819,0
TuningFork_05_UN,54,0,0,0,0,-18.8519665819,0
TuningFork_05_UN,55,0,0,0,0,-18.8519665819,0
TuningFork_05_UN,56,0,0,0,0,-18.8519665819,0
TuningFork_05_UN,57,0,0,0,0,-18.8519665819,0
TuningFork_05_UN,58,0,0,0,0,-18.8519665819,0
TuningFork_05_UN,59,0,0,0,0,-18.8519665819,0
TuningFork_05_UN,60,0,0,0,0,-18.8519665819,0
TuningFork_05_UN,61,0,0,0,0,-18.8519665819,0
TuningFork_05_UN,62,0,0,0,0,-18.8519665819,0
TuningFork_05_UN,63,0,0,0,0,-18.8519665819,0
TuningFork_05_UN,64,0,0,0,0,-18.8519665819,0
TuningFork_05_UN,65,0,0,0,0,-18.8519665819,0
TuningFork_05_UN,66,0,0,0,0,-18.8519665819,0
TuningFork_05_UN,67,0,0,0,0,-18.8519665819,0
TuningFork_05_UN,68,0,0,0,0,-18.8519665819,0
TuningFork_05_UN,69,0,0,0,0,-18.8519665819,0
TuningFork_05_UN,70,0,0,0,0,-18.8519665819,0
TuningFork_05_UN,71,0,0,0,0,-18.8519665819,0
TuningFork_05_UN,72,0,0,0,0,-18.8519665819,0
TuningFork_05_UN,73,0,0,0,0,-18.8519665819,0
TuningFork_05_UN,74,0,0,0,0,-18.8519665819,0
TuningFork_05_UN,75,0,0,0,0,-18.8519665819,0
TuningFork_05_UN,76,0,0,0,0,-18.8519665819,0
TuningFork_05_UN,77,0,0,0,0,-18.8519665819,0
TuningFork_05_UN,78,0,0,0,0,-18.8519665819,0
TuningFork_05_UN,79,0,0,0,0,-18.8519665819,0
TuningFork_05_UN,80,0,0,0,0,-18.8519665819,0
TuningFork_05_UN,81,0,0,0,0,-18.7815321873,0
TuningFork_05_UN,82,0,0,0,0,-18.5650946986,0
TuningFork_05_UN,83,0,0,0,0,-18.1952808646,0
TuningFork_05_UN,84,0,0,0,0,-17.6655081883,0
TuningFork_05_UN,85,0,0,0,0,-16.9706799409,0
TuningFork_05_UN,86,0,0,0,0,-16.1081490718,0
TuningFork_05_UN,87,0,0,0,0,-15.0790088482,0
TuningFork_05_UN,88,0,0,0,0,-13.8896632977,0
TuningFork_05_UN,89,0,0,0,0,-12.5538810824,0
TuningFork_05_UN,90,0,0,0,0,-11.0943770517,0
TuningFork_05_UN,91,0,0,0,0,-9.5446664711,0
TuningFork_05_UN,92,0,0,0,0,-7.94928027305,0
TuningFork_05_UN,93,0,0,0,0,-6.36231733667,0
TuningFork_05_UN,94,0,0,0,0,-4.8441112085,0
TuningFork_05_UN,95,0,0,0,0,-3.45570551589,0
TuningFork_05_UN,96,0,0,0,0,-2.25276185818,0
TuningFork_05_UN,97,0,0,0,0,-1.28064787023,0
TuningFork_05_UN,98,0,0,0,0,-0.571199050328,0
TuningFork_05_UN,99,0,0,0,0,-0.142453699359,0
TuningFork_05_UN,100,0,0,0,0,0.0,0
TuningFork_05_UN,101,0,0,0,0,0.0,0
TuningFork_05_UN,102,0,0,0,0,0.0,0
TuningFork_05_UN,103,0,0,0,0,0.0,0
TuningFork_05_UN,104,0,0,0,0,0.0,0
TuningFork_05_UN,105,0,0,0,0,0.0,0
TuningFork_05_UN,106,0,0,0,0,0.0,0
TuningFork_05_UN,107,0,0,0,0,0.0,0
TuningFork_05_UN,108,0,0,0,0,0.0,0
TuningFork_05_UN,109,0,0,0,0,0.0,0
TuningFork_05_UN,110,0,0,0,0,0.0,0
TuningFork_05_UN,111,0,0,0,0,0.0,0
TuningFork_05_UN,112,0,0,0,0,0.0,0
TuningFork_05_UN,113,0,0,0,0,0.0,0
TuningFork_05_UN,114,0,0,0,0,0.0,0
TuningFork_05_UN,115,0,0,0,0,0.0,0
TuningFork_05_UN,116,0,0,0,0,0.0,0
TuningFork_05_UN,117,0,0,0,0,0.0,0
TuningFork_05_UN,118,0,0,0,0,0.0,0
TuningFork_05_UN,119,0,0,0,0,0.0,0
TuningFork_05_UN,120,0,0,0,0,0.0,0
TuningFork_05_UN,121,0,0,0,0,0.0,0
TuningFork_05_UN,122,0,0,0,0,0.0,0
TuningFork_05_UN,123,0,0,0,0,0.0,0
TuningFork_05_UN,124,0,0,0,0,0.0,0
TuningFork_05_UN,125,0,0,0,0,0.0,0
TuningFork_05_UN,126,0,0,0,0,0.0,0
TuningFork_05_UN,127,0,0,0,0,0.0,0
TuningFork_05_UN,128,0,0,0,0,0.0,0
TuningFork_05_UN,129,0,0,0,0,0.0,0
TuningFork_05_UN,130,0,0,0,0,0.0,0
TuningFork_05_UN,131,0,0,0,0,0.0,0
TuningFork_05_UN,132,0,0,0,0,0.0,0
TuningFork_05_UN,133,0,0,0,0,0.0,0
TuningFork_05_UN,134,0,0,0,0,0.0,0
TuningFork_05_UN,135,0,0,0,0,0.0,0
TuningFork_05_UN,136,0,0,0,0,0.0,0
TuningFork_05_UN,137,0,0,0,0,0.0,0
TuningFork_05_UN,138,0,0,0,0,0.0,0
TuningFork_05_UN,139,0,0,0,0,0.0,0
TuningFork_05_UN,140,0,0,0,0,0.0,0
TuningFork_05_UN,141,0,0,0,0,0.0,0
TuningFork_05_UN,142,0,0,0,0,0.0,0
TuningFork_05_UN,143,0,0,0,0,0.0,0
TuningFork_05_UN,144,0,0,0,0,0.0,0
TuningFork_05_UN,145,0,0,0,0,0.0,0
TuningFork_05_UN,146,0,0,0,0,0.0,0
TuningFork_05_UN,147,0,0,0,0,0.0,0
TuningFork_05_UN,148,0,0,0,0,0.0,0
TuningFork_05_UN,149,0,0,0,0,0.0,0
TuningFork_05_UN,150,0,0,0,0,0.0,0
TuningFork_05_UN,151,0,0,0,0,0.0,0
TuningFork_05_UN,152,0,0,0,0,0.0,0
TuningFork_05_UN,153,0,0,0,0,0.0,0
TuningFork_05_UN,154,0,0,0,0,0.0,0
TuningFork_05_UN,155,0,0,0,0,0.0,0
TuningFork_05_UN,156,0,0,0,0,0.0,0
TuningFork_05_UN,157,0,0,0,0,0.0,0
TuningFork_05_UN,158,0,0,0,0,0.0,0
TuningFork_05_UN,159,0,0,0,0,0.0,0
TuningFork_05_UN,160,0,0,0,0,0.0,0
TuningFork_05_UN,161,0,0,0,0,0.0,0
TuningFork_05_UN,162,0,0,0,0,0.0,0
TuningFork_05_UN,163,0,0,0,0,0.0,0
TuningFork_05_UN,164,0,0,0,0,0.0,0
TuningFork_05_UN,165,0,0,0,0,0.0,0
TuningFork_05_UN,166,0,0,0,0,0.0,0
TuningFork_05_UN,167,0,0,0,0,0.0,0
TuningFork_05_UN,168,0,0,0,0,0.0,0
TuningFork_05_UN,169,0,0,0,0,0.0,0
TuningFork_05_UN,170,0,0,0,0,0.0,0
TuningFork_05_UN,171,0,0,0,0,0.0,0
TuningFork_05_UN,172,0,0,0,0,0.0,0
TuningFork_05_UN,173,0,0,0,0,0.0,0
TuningFork_05_UN,174,0,0,0,0,0.0,0
TuningFork_05_UN,175,0,0,0,0,0.0,0
TuningFork_05_UN,176,0,0,0,0,0.0,0
TuningFork_05_UN,177,0,0,0,0,0.0,0
TuningFork_05_UN,178,0,0,0,0,0.0,0
TuningFork_05_UN,179,0,0,0,0,0.0,0
TuningFork_05_UN,180,0,0,0,0,0.0,0
TuningFork_05_UN,181,0,0,0,0,0.0,0
TuningFork_05_UN,182,0,0,0,0,0.0,0
TuningFork_05_UN,183,0,0,0,0,0.0,0
TuningFork_05_UN,184,0,0,0,0,0.0,0
TuningFork_05_UN,185,0,0,0,0,0.0,0
TuningFork_05_UN,186,0,0,0,0,0.0,0
TuningFork_05_UN,187,0,0,0,0,0.0,0
TuningFork_05_UN,188,0,0,0,0,0.0,0
TuningFork_05_UN,189,0,0,0,0,0.0,0
TuningFork_05_UN,190,0,0,0,0,0.0,0
TuningFork_05_UN,191,0,0,0,0,0.0,0
TuningFork_05_UN,192,0,0,0,0,0.0,0
TuningFork_05_UN,193,0,0,0,0,0.0,0
TuningFork_05_UN,194,0,0,0,0,0.0,0
TuningFork_05_UN,195,0,0,0,0,0.0,0
TuningFork_05_UN,196,0,0,0,0,0.0,0
TuningFork_05_UN,197,0,0,0,0,0.0,0
TuningFork_05_UN,198,0,0,0,0,0.0,0
TuningFork_05_UN,199,0,0,0,0,0.0,0
TuningFork_05_UN,200,0,0,0,0,0.0,0
PicassoBox_06_VN,0,0.0,0.0,0.0,0.0,0,0
PicassoBox_06_VN,1,0.0,0.0,0.0,0.111892759853,0,0
PicassoBox_06_VN,2,0.0,0.0,0.0,0.452364726238,0,0
PicassoBox_06_VN,3,0.0,0.0,0.0,1.02612419503,0,0
PicassoBox_06_VN,4,0.0,0.0,0.0,1.83349042435,0,0
PicassoBox_06_VN,5,0.0,0.0,0.0,2.86931281104,0,0
PicassoBox_06_VN,6,0.0,0.0,0.0,4.12170205774,0,0
PicassoBox_06_VN,7,0.0,0.0,0.0,5.5715697718,0,0
PicassoBox_06_VN,8,0.0,0.0,0.0,7.19284251966,0,0
PicassoBox_06_VN,9,0.0,0.0,0.0,8.9527958435,0,0
PicassoBox_06_VN,10,0.0,0.0,0.0,10.8143876795,0,0
PicassoBox_06_VN,11,0.0,0.0,0.0,12.7381256382,0,0
PicassoBox_06_VN,12,0.0,0.0,0.0,14.6846166843,0,0
PicassoBox_06_VN,13,0.0,0.0,0.0,16.6171008331,0,0
PicassoBox_06_VN,14,0.0,0.0,0.0,18.5033078124,0,0
PicassoBox_06_VN,15,0.0,0.0,0.0,20.3159875421,0,0
PicassoBox_06_VN,16,0.0,0.0,0.0,22.0338145003,0,0
PicassoBox_06_VN,17,0.0,0.0,0.0,23.6408464943,0,0
PicassoBox_06_VN,18,0.0,0.0,0.0,25.1259921127,0,0
PicassoBox_06_VN,19,0.0,0.0,0.0,26.4825491372,0,0
PicassoBox_06_VN,20,0.0,0.0,0.0,27.70700079,0,0
PicassoBox_06_VN,21,0.0,0.0,0.0,28.7985750077,0,0
PicassoBox_06_VN,22,0.0,0.0,0.0,29.7583185389,0,0
PicassoBox_06_VN,23,0.0,0.0,0.0,30.588930184,0,0
PicassoBox_06_VN,24,0.0,0.0,0.0,31.2938938485,0,0
PicassoBox_06_VN,25,0.0,0.0,0.0,31.8774022917,0,0
PicassoBox_06_VN,26,0.0,0.0,0.0,32.344093808,0,0
PicassoBox_06_VN,27,0.0,0.0,0.0,32.6987443945,0,0
PicassoBox_06_VN,28,0.0,0.0,0.0,32.9461754639,0,0
PicassoBox_06_VN,29,0.0,0.0,0.0,33.0912153133,0,0
PicassoBox_06_VN,30,0.0,0.0,0.0,33.1385383744,0,0
PicassoBox_06_VN,31,0.0,0.0,0.0,33.1385383744,0,0
PicassoBox_06_VN,32,0.0,0.0,0.0,33.1385383744,0,0
PicassoBox_06_VN,33,0.0,0.0,0.0,33.1385383744,0,0
PicassoBox_06_VN,34,0.0,0.0,0.0,33.1385383744,0,0
PicassoBox_06_VN,35,0.0,0.0,0.0,33.1385383744,0,0
PicassoBox_06_VN,36,0.0,0.0,0.0,33.1385383744,0,0
PicassoBox_06_VN,37,0.0,0.0,0.0,33.1385383744,0,0
PicassoBox_06_VN,38,0.0,0.0,0.0,33.1385383744,0,0
PicassoBox_06_VN,39,0.0,0.0,0.0,33.1385383744,0,0
PicassoBox_06_VN,40,0.0,0.0,0.0,33.1385383744,0,0
PicassoBox_06_VN,41,0.0,0.0,0.0,33.1385383744,0,0
PicassoBox_06_VN,42,0.0,0.0,0.0,33.1385383744,0,0
PicassoBox_06_VN,43,0.0,0.0,0.0,33.1385383744,0,0
PicassoBox_06_VN,44,0.0,0.0,0.0,33.1385383744,0,0
PicassoBox_06_VN,45,0.0,0.0,0.0,33.1385383744,0,0
PicassoBox_06_VN,46,0.0,0.0,0.0,33.1385383744,0,0
PicassoBox_06_VN,47,0.0,0.0,0.0,33.1385383744,0,0
PicassoBox_06_VN,48,0.0,0.0,0.0,33.1385383744,0,0
PicassoBox_06_VN,49,0.0,0.0,0.0,33.1385383744,0,0
PicassoBox_06_VN,50,0.0,0.0,0.0,33.1385383744,0,0
PicassoBox_06_VN,51,0.0,0.0,0.0,33.1385383744,0,0
PicassoBox_06_VN,52,0.0,0.0,0.0,33.1385383744,0,0
PicassoBox_06_VN,53,0.0,0.0,0.0,33.1385383744,0,0
PicassoBox_06_VN,54,0.0,0.0,0.0,33.1385383744,0,0
PicassoBox_06_VN,55,0.0,0.0,0.0,33.1385383744,0,0
PicassoBox_06_VN,56,0.0,0.0,0.0,33.1385383744,0,0
PicassoBox_06_VN,57,0.0,0.0,0.0,33.1385383744,0,0
PicassoBox_06_VN,58,0.0,0.0,0.0,33.1385383744,0,0
PicassoBox_06_VN,59,0.0,0.0,0.0,33.1385383744,0,0
PicassoBox_06_VN,60,0.0,0.0,0.0,33.1385383744,0,0
PicassoBox_06_VN,61,0.0,0.0,0.0,33.1385383744,0,0
PicassoBox_06_VN,62,0.0,0.0,0.0,33.1385383744,0,0
PicassoBox_06_VN,63,0.0,0.0,0.0,33.1385383744,0,0
PicassoBox_06_VN,64,0.0,0.0,0.0,33.1385383744,0,0
PicassoBox_06_VN,65,0.0,0.0,0.0,33.1385383744,0,0
PicassoBox_06_VN,66,0.0,0.0,0.0,33.1385383744,0,0
PicassoBox_06_VN,67,0.0,0.0,0.0,33.1385383744,0,0
PicassoBox_06_VN,68,0.0,0.0,0.0,33.1385383744,0,0
PicassoBox_06_VN,69,0.0,0.0,0.0,33.1385383744,0,0
PicassoBox_06_VN,70,0.0,0.0,0.0,33.1385383744,0,0
PicassoBox_06_VN,71,0.0,0.0,0.0,33.1385383744,0,0
PicassoBox_06_VN,72,0.0,0.0,0.0,33.1385383744,0,0
PicassoBox_06_VN,73,0.0,0.0,0.0,33.1385383744,0,0
PicassoBox_06_VN,74,0.0,0.0,0.0,33.1385383744,0,0
PicassoBox_06_VN,75,0.0,0.0,0.0,33.1385383744,0,0
PicassoBox_06_VN,76,0.0,0.0,0.0,33.1385383744,0,0
PicassoBox_06_VN,77,0.0,0.0,0.0,33.1385383744,0,0
PicassoBox_06_VN,78,0.0,0.0,0.0,33.1385383744,0,0
PicassoBox_06_VN,79,0.0,0.0,0.0,33.1385383744,0,0
PicassoBox_06_VN,80,0.0,0.0,0.0,33.1385383744,0,0
PicassoBox_06_VN,81,0.0,0.0,0.0,33.1385383744,0,0
PicassoBox_06_VN,82,0.0,0.0,0.0,33.1385383744,0,0
PicassoBox_06_VN,83,0.0,0.0,0.0,33.1385383744,0,0
PicassoBox_06_VN,84,0.0,0.0,0.0,33.1385383744,0,0
PicassoBox_06_VN,85,0.0,0.0,0.0,33.1385383744,0,0
PicassoBox_06_VN,86,0.0,0.0,0.0,33.1385383744,0,0
PicassoBox_06_VN,87,0.0,0.0,0.0,33.1385383744,0,0
PicassoBox_06_VN,88,0.0,0.0,0.0,33.1385383744,0,0
PicassoBox_06_VN,89,0.0,0.0,0.0,33.1385383744,0,0
PicassoBox_06_VN,90,0.0,0.0,0.0,33.1385383744,0,0
PicassoBox_06_VN,91,0.0,0.0,0.0,33.1385383744,0,0
PicassoBox_06_VN,92,0.0,0.0,0.0,33.1385383744,0,0
PicassoBox_06_VN,93,0.0,0.0,0.0,33.1385383744,0,0
PicassoBox_06_VN,94,0.0,0.0,0.0,33.1385383744,0,0
PicassoBox_06_VN,95,0.0,0.0,0.0,33.1385383744,0,0
PicassoBox_06_VN,96,0.0,0.0,0.0,33.1385383744,0,0
PicassoBox_06_VN,97,0.0,0.0,0.0,33.1385383744,0,0
PicassoBox_06_VN,98,0.0,0.0,0.0,33.1385383744,0,0
PicassoBox_06_VN,99,0.0,0.0,0.0,33.1385383744,0,0
PicassoBox_06_VN,100,0.0,0.0,0.0,33.1385383744,0,0
PicassoBox_06_VN,101,0.0,0.0,0.0,33.1385383744,0,0
PicassoBox_06_VN,102,0.0,0.0,0.0,33.1385383744,0,0
PicassoBox_06_VN,103,0.0,0.0,0.0,33.1385383744,0,0
PicassoBox_06_VN,104,0.0,0.0,0.0,33.1385383744,0,0
PicassoBox_06_VN,105,0.0,0.0,0.0,33.1385383744,0,0
PicassoBox_06_VN,106,0.0,0.0,0.0,33.1385383744,0,0
PicassoBox_06_VN,107,0.0,0.0,0.0,33.1385383744,0,0
PicassoBox_06_VN,108,0.0,0.0,0.0,33.1385383744,0,0
PicassoBox_06_VN,109,0.0,0.0,0.0,33.1385383744,0,0
PicassoBox_06_VN,110,0.0,0.0,0.0,33.1385383744,0,0
PicassoBox_06_VN,111,0.0,0.0,0.0,33.1385383744,0,0
PicassoBox_06_VN,112,0.0,0.0,0.0,33.1385383744,0,0
PicassoBox_06_VN,113,0.0,0.0,0.0,33.1385383744,0,0
PicassoBox_06_VN,114,0.0,0.0,0.0,33.1385383744,0,0
PicassoBox_06_VN,115,0.0,0.0,0.0,33.1385383744,0,0
PicassoBox_06_VN,116,0.0,0.0,0.0,33.1385383744,0,0
PicassoBox_06_VN,117,0.0,0.0,0.0,33.1385383744,0,0
PicassoBox_06_VN,118,0.0,0.0,0.0,33.1385383744,0,0
PicassoBox_06_VN,119,0.0,0.0,0.0,33.1385383744,0,0
PicassoBox_06_VN,120,0.0,0.0,0.0,33.1385383744,0,0
PicassoBox_06_VN,121,0.0,0.0,0.0,33.1385383744,0,0
PicassoBox_06_VN,122,0.0,0.0,0.0,33.1385383744,0,0
PicassoBox_06_VN,123,0.0,0.0,0.0,33.1385383744,0,0
PicassoBox_06_VN,124,0.0,0.0,0.0,33.1385383744,0,0
PicassoBox_06_VN,125,0.0,0.0,0.0,33.1385383744,0,0
PicassoBox_06_VN,126,0.0,0.0,0.0,33.1385383744,0,0
PicassoBox_06_VN,127,0.0,0.0,0.0,33.1385383744,0,0
PicassoBox_06_VN,128,0.0,0.0,0.0,33.1385383744,0,0
PicassoBox_06_VN,129,0.0,0.0,0.0,33.1385383744,0,0
PicassoBox_06_VN,130,0.0,0.0,0.0,33.1385383744,0,0
PicassoBox_06_VN,131,0.0,0.0,0.0,33.0912153133,0,0
PicassoBox_06_VN,132,0.0,0.0,0.0,32.9461754639,0,0
PicassoBox_06_VN,133,0.0,0.0,0.0,32.6987443945,0,0
PicassoBox_06_VN,134,0.0,0.0,0.0,32.344093808,0,0
PicassoBox_06_VN,135,0.0,0.0,0.0,31.8774022917,0,0
PicassoBox_06_VN,136,0.0,0.0,0.0,31.2938938485,0,0
PicassoBox_06_VN,137,0.0,0.0,0.0,30.588930184,0,0
PicassoBox_06_VN,138,0.0,0.0,0.0,29.7583185389,0,0
PicassoBox_06_VN,139,0.0,0.0,0.0,28.7985750077,0,0
PicassoBox_06_VN,140,0.0,0.0,0.0,27.70700079,0,0
PicassoBox_06_VN,141,0.0,0.0,0.0,26.4825491372,0,0
PicassoBox_06_VN,142,0.0,0.0,0.0,25.1259921127,0,0
PicassoBox_06_VN,143,0.0,0.0,0.0,23.6408464943,0,0
PicassoBox_06_VN,144,0.0,0.0,0.0,22.0338145003,0,0
PicassoBox_06_VN,145,0.0,0.0,0.0,20.3159875421,0,0
PicassoBox_06_VN,146,0.0,0.0,0.0,18.5033078124,0,0
PicassoBox_06_VN,147,0.0,0.0,0.0,16.6171008331,0,0
PicassoBox_06_VN,148,0.0,0.0,0.0,14.6846166843,0,0
PicassoBox_06_VN,149,0.0,0.0,0.0,12.7381256382,0,0
PicassoBox_06_VN,150,0.0,0.0,0.0,10.8143876795,0,0
PicassoBox_06_VN,151,0.0,0.0,0.0,8.9527958435,0,0
PicassoBox_06_VN,152,0.0,0.0,0.0,7.19284251966,0,0
PicassoBox_06_VN,153,0.0,0.0,0.0,5.5715697718,0,0
PicassoBox_06_VN,154,0.0,0.0,0.0,4.12170205774,0,0
PicassoBox_06_VN,155,0.0,0.0,0.0,2.86931281104,0,0
PicassoBox_06_VN,156,0.0,0.0,0.0,1.83349042435,0,0
PicassoBox_06_VN,157,0.0,0.0,0.0,1.02612419503,0,0
PicassoBox_06_VN,158,0.0,0.0,0.0,0.452364726238,0,0
PicassoBox_06_VN,159,0.0,0.0,0.0,0.111892759853,0,0
PicassoBox_06_VN,160,0.0,0.0,0.0,0.0,0,0
PicassoBox_06_VN,161,0.0,0.0,0.0,0.0,0,0
PicassoBox_06_VN,162,0.0,0.0,0.0,0.0,0,0
PicassoBox_06_VN,163,0.0,0.0,0.0,0.0,0,0
PicassoBox_06_VN,164,0.0,0.0,0.0,0.0,0,0
PicassoBox_06_VN,165,0.0,0.0,0.0,0.0,0,0
PicassoBox_06_VN,166,0.0,0.0,0.0,0.0,0,0
PicassoBox_06_VN,167,0.0,0.0,0.0,0.0,0,0
PicassoBox_06_VN,168,0.0,0.0,0.0,0.0,0,0
PicassoBox_06_VN,169,0.0,0.0,0.0,0.0,0,0
PicassoBox_06_VN,170,0.0,0.0,0.0,0.0,0,0
PicassoBox_06_VN,171,0.0,0.0,0.0,0.0,0,0
PicassoBox_06_VN,172,0.0,0.0,0.0,0.0,0,0
PicassoBox_06_VN,173,0.0,0.0,0.0,0.0,0,0
PicassoBox_06_VN,174,0.0,0.0,0.0,0.0,0,0
PicassoBox_06_VN,175,0.0,0.0,0.0,0.0,0,0
PicassoBox_06_VN,176,0.0,0.0,0.0,0.0,0,0
PicassoBox_06_VN,177,0.0,0.0,0.0,0.0,0,0
PicassoBox_06_VN,178,0.0,0.0,0.0,0.0,0,0
PicassoBox_06_VN,179,0.0,0.0,0.0,0.0,0,0
PicassoBox_06_VN,180,0.0,0.0,0.0,0.0,0,0
PicassoBox_06_VN,181,0.0,0.0,0.0,0.0,0,0
PicassoBox_06_VN,182,0.0,0.0,0.0,0.0,0,0
PicassoBox_06_VN,183,0.0,0.0,0.0,0.0,0,0
PicassoBox_06_VN,184,0.0,0.0,0.0,0.0,0,0
PicassoBox_06_VN,185,0.0,0.0,0.0,0.0,0,0
PicassoBox_06_VN,186,0.0,0.0,0.0,0.0,0,0
PicassoBox_06_VN,187,0.0,0.0,0.0,0.0,0,0
PicassoBox_06_VN,188,0.0,0.0,0.0,0.0,0,0
PicassoBox_06_VN,189,0.0,0.0,0.0,0.0,0,0
PicassoBox_06_VN,190,0.0,0.0,0.0,0.0,0,0
PicassoBox_06_VN,191,0.0,0.0,0.0,0.0,0,0
PicassoBox_06_VN,192,0.0,0.0,0.0,0.0,0,0
PicassoBox_06_VN,193,0.0,0.0,0.0,0.0,0,0
PicassoBox_06_VN,194,0.0,0.0,0.0,0.0,0,0
PicassoBox_06_VN,195,0.0,0.0,0.0,0.0,0,0
PicassoBox_06_VN,196,0.0,0.0,0.0,0.0,0,0
PicassoBox_06_VN,197,0.0,0.0,0.0,0.0,0,0
PicassoBox_06_VN,198,0.0,0.0,0.0,0.0,0,0
PicassoBox_06_VN,199,0.0,0.0,0.0,0.0,0,0
PicassoBox_06_VN,200,0.0,0.0,0.0,0.0,0,0
Hand_07_WN,0,0.0,0.0,0.0,0.0,0.0,0.0
Hand_07_WN,1,0.0,0.0,0.0,0.0,0.0,0.0
Hand_07_WN,2,0.0,0.0,0.0,0.0,0.0,0.0
Hand_07_WN,3,0.0,0.0,0.0,0.0,0.0,0.0
Hand_07_WN,4,0.0,0.0,0.0,0.0,0.0,0.0
Hand_07_WN,5,0.0,0.0,0.0,0.0,0.0,0.0
Hand_07_WN,6,0.0,0.0,0.0,0.0,0.0,0.0
Hand_07_WN,7,0.0,0.0,0.0,0.0,0.0,0.0
Hand_07_WN,8,0.0,0.0,0.0,0.0,0.0,0.0
Hand_07_WN,9,0.0,0.0,0.0,0.0,0.0,0.0
Hand_07_WN,10,0.0,0.0,0.0,0.0,0.0,0.0
Hand_07_WN,11,0.0,0.0,0.0,0.0,0.0,0.0
Hand_07_WN,12,0.0,0.0,0.0,0.0,0.0,0.0
Hand_07_WN,13,0.0,0.0,0.0,0.0,0.0,0.0
Hand_07_WN,14,0.0,0.0,0.0,0.0,0.0,0.0
Hand_07_WN,15,0.0,0.0,0.0,0.0,0.0,0.0
Hand_07_WN,16,0.0,0.0,0.0,0.0,0.0,0.0
Hand_07_WN,17,0.0,0.0,0.0,0.0,0.0,0.0
Hand_07_WN,18,0.0,0.0,0.0,0.0,0.0,0.0
Hand_07_WN,19,0.0,0.0,0.0,0.0,0.0,0.0
Hand_07_WN,20,0.0,0.0,0.0,0.0,0.0,0.0
Hand_07_WN,21,0.0,0.0,0.0,0.0,0.0,0.0
Hand_07_WN,22,0.0,0.0,0.0,0.0,0.0,0.0
Hand_07_WN,23,0.0,0.0,0.0,0.0,0.0,0.0
Hand_07_WN,24,0.0,0.0,0.0,0.0,0.0,0.0
Hand_07_WN,25,0.0,0.0,0.0,0.0,0.0,0.0
Hand_07_WN,26,0.0,0.0,0.0,0.0,0.0,0.0
Hand_07_WN,27,0.0,0.0,0.0,0.0,0.0,0.0
Hand_07_WN,28,0.0,0.0,0.0,0.0,0.0,0.0
Hand_07_WN,29,0.0,0.0,0.0,0.0,0.0,0.0
Hand_07_WN,30,0.0,0.0,0.0,0.0,0.0,0.0
Hand_07_WN,31,0.0,0.0,0.0,0.0,0.0,0.0
Hand_07_WN,32,0.0,0.0,0.0,0.0,0.0,0.0
Hand_07_WN,33,0.0,0.0,0.0,0.0,0.0,0.0
Hand_07_WN,34,0.0,0.0,0.0,0.0,0.0,0.0
Hand_07_WN,35,0.0,0.0,0.0,0.0,0.0,0.0
Hand_07_WN,36,0.0,0.0,0.0,0.0,0.0,0.0
Hand_07_WN,37,0.0,0.0,0.0,0.0,0.0,0.0
Hand_07_WN,38,0.0,0.0,0.0,0.0,0.0,0.0
Hand_07_WN,39,0.0,0.0,0.0,0.0,0.0,0.0
Hand_07_WN,40,0.0,0.0,0.0,0.0,0.0,0.0
Hand_07_WN,41,0.0,0.0,0.0,0.0,0.0,0.0
Hand_07_WN,42,0.0,0.0,0.0,0.0,0.0,0.0
Hand_07_WN,43,0.0,0.0,0.0,0.0,0.0,0.0
Hand_07_WN,44,0.0,0.0,0.0,0.0,0.0,0.0
Hand_07_WN,45,0.0,0.0,0.0,0.0,0.0,0.0
Hand_07_WN,46,0.0,0.0,0.0,0.0,0.0,0.0
Hand_07_WN,47,0.0,0.0,0.0,0.0,0.0,0.0
Hand_07_WN,48,0.0,0.0,0.0,0.0,0.0,0.0
Hand_07_WN,49,0.0,0.0,0.0,0.0,0.0,0.0
Hand_07_WN,50,0.0,0.0,0.0,0.0,0.0,0.0
Hand_07_WN,51,0.0,0.0,0.0,0.0,0.0,0.0
Hand_07_WN,52,0.0,0.0,0.0,0.0,0.0,0.0
Hand_07_WN,53,0.0,0.0,0.0,0.0,0.0,0.0
Hand_07_WN,54,0.0,0.0,0.0,0.0,0.0,0.0
Hand_07_WN,55,0.0,0.0,0.0,0.0,0.0,0.0
Hand_07_WN,56,0.0,0.0,0.0,0.0,0.0,0.0
Hand_07_WN,57,0.0,0.0,0.0,0.0,0.0,0.0
Hand_07_WN,58,0.0,0.0,0.0,0.0,0.0,0.0
Hand_07_WN,59,0.0,0.0,0.0,0.0,0.0,0.0
Hand_07_WN,60,0.0,0.0,0.0,0.0,0.0,0.0
Hand_07_WN,61,0.0,0.0,0.0,0.0,0.0,0.0
Hand_07_WN,62,0.0,0.0,0.0,0.0,0.0,0.0
Hand_07_WN,63,0.0,0.0,0.0,0.0,0.0,0.0
Hand_07_WN,64,0.0,0.0,0.0,0.0,0.0,0.0
Hand_07_WN,65,0.0,0.0,0.0,0.0,0.0,0.0
Hand_07_WN,66,0.0,0.0,0.0,0.0,0.0,0.0
Hand_07_WN,67,0.0,0.0,0.0,0.0,0.0,0.0
Hand_07_WN,68,0.0,0.0,0.0,0.0,0.0,0.0
Hand_07_WN,69,0.0,0.0,0.0,0.0,0.0,0.0
Hand_07_WN,70,0.0,0.0,0.0,0.0,0.0,0.0
Hand_07_WN,71,0.0,0.0,0.0,0.0,0.0,0.0
Hand_07_WN,72,0.0,0.0,0.0,0.0,0.0,0.0
Hand_07_WN,73,0.0,0.0,0.0,0.0,0.0,0.0
Hand_07_WN,74,0.0,0.0,0.0,0.0,0.0,0.0
Hand_07_WN,75,0.0,0.0,0.0,0.0,0.0,0.0
Hand_07_WN,76,0.0,0.0,0.0,0.0,0.0,0.0
Hand_07_WN,77,0.0,0.0,0.0,0.0,0.0,0.0
Hand_07_WN,78,0.0,0.0,0.0,0.0,0.0,0.0
Hand_07_WN,79,0.0,0.0,0.0,0.0,0.0,0.0
Hand_07_WN,80,0.0,0.0,0.0,0.0,0.0,0.0
Hand_07_WN,81,0.0,0.0,0.0,0.0,0.0,0.0
Hand_07_WN,82,0.0,0.0,0.0,0.0,0.0,0.0
Hand_07_WN,83,0.0,0.0,0.0,0.0,0.0,0.0
Hand_07_WN,84,0.0,0.0,0.0,0.0,0.0,0.0
Hand_07_WN,85,0.0,0.0,0.0,0.0,0.0,0.0
Hand_07_WN,86,0.0,0.0,0.0,0.0,0.0,0.0
Hand_07_WN,87,0.0,0.0,0.0,0.0,0.0,0.0
Hand_07_WN,88,0.0,0.0,0.0,0.0,0.0,0.0
Hand_07_WN,89,0.0,0.0,0.0,0.0,0.0,0.0
Hand_07_WN,90,0.0,0.0,0.0,0.0,0.0,0.0
Hand_07_WN,91,0.0,0.0,0.0,0.0,0.0,0.0
Hand_07_WN,92,0.0,0.0,0.0,0.0,0.0,0.0
Hand_07_WN,93,0.0,0.0,0.0,0.0,0.0,0.0
Hand_07_WN,94,0.0,0.0,0.0,0.0,0.0,0.0
Hand_07_WN,95,0.0,0.0,0.0,0.0,0.0,0.0
Hand_07_WN,96,0.0,0.0,0.0,0.0,0.0,0.0
Hand_07_WN,97,0.0,0.0,0.0,0.0,0.0,0.0
Hand_07_WN,98,0.0,0.0,0.0,0.0,0.0,0.0
Hand_07_WN,99,0.0,0.0,0.0,0.0,0.0,0.0
Hand_07_WN,100,0.0,0.0,0.0,0.0,0.0,0.0
Hand_07_WN,101,0.0,0.0,0.0,0.0,0.0,0.0
Hand_07_WN,102,0.0,0.0,0.0,0.0,0.0,0.0
Hand_07_WN,103,0.0,0.0,0.0,0.0,0.0,0.0
Hand_07_WN,104,0.0,0.0,0.0,0.0,0.0,0.0
Hand_07_WN,105,0.0,0.0,0.0,0.0,0.0,0.0
Hand_07_WN,106,0.0,0.0,0.0,0.0,0.0,0.0
Hand_07_WN,107,0.0,0.0,0.0,0.0,0.0,0.0
Hand_07_WN,108,0.0,0.0,0.0,0.0,0.0,0.0
Hand_07_WN,109,0.0,0.0,0.0,0.0,0.0,0.0
Hand_07_WN,110,0.0,0.0,0.0,0.0,0.0,0.0
Hand_07_WN,111,0.0,0.0,0.0,0.0,0.0,0.0
Hand_07_WN,112,0.0,0.0,0.0,0.0,0.0,0.0
Hand_07_WN,113,0.0,0.0,0.0,0.0,0.0,0.0
Hand_07_WN,114,0.0,0.0,0.0,0.0,0.0,0.0
Hand_07_WN,115,0.0,0.0,0.0,0.0,0.0,0.0
Hand_07_WN,116,0.0,0.0,0.0,0.0,0.0,0.0
Hand_07_WN,117,0.0,0.0,0.0,0.0,0.0,0.0
Hand_07_WN,118,0.0,0.0,0.0,0.0,0.0,0.0
Hand_07_WN,119,0.0,0.0,0.0,0.0,0.0,0.0
Hand_07_WN,120,0.0,0.0,0.0,0.0,0.0,0.0
Hand_07_WN,121,0.0,0.0,0.0,0.0,0.0,0.0
Hand_07_WN,122,0.0,0.0,0.0,0.0,0.0,0.0
Hand_07_WN,123,0.0,0.0,0.0,0.0,0.0,0.0
Hand_07_WN,124,0.0,0.0,0.0,0.0,0.0,0.0
Hand_07_WN,125,0.0,0.0,0.0,0.0,0.0,0.0
Hand_07_WN,126,0.0,0.0,0.0,0.0,0.0,0.0
Hand_07_WN,127,0.0,0.0,0.0,0.0,0.0,0.0
Hand_07_WN,128,0.0,0.0,0.0,0.0,0.0,0.0
Hand_07_WN,129,0.0,0.0,0.0,0.0,0.0,0.0
Hand_07_WN,130,0.0,0.0,0.0,0.0,0.0,0.0
Hand_07_WN,131,0.0,0.0,0.0,0.0,0.0,0.0
Hand_07_WN,132,0.0,0.0,0.0,0.0,0.0,0.0
Hand_07_WN,133,0.0,0.0,0.0,0.0,0.0,0.0
Hand_07_WN,134,0.0,0.0,0.0,0.0,0.0,0.0
Hand_07_WN,135,0.0,0.0,0.0,0.0,0.0,0.0
Hand_07_WN,136,0.0,0.0,0.0,0.0,0.0,0.0
Hand_07_WN,137,0.0,0.0,0.0,0.0,0.0,0.0
Hand_07_WN,138,0.0,0.0,0.0,0.0,0.0,0.0
Hand_07_WN,139,0.0,0.0,0.0,0.0,0.0,0.0
Hand_07_WN,140,0.0,0.0,0.0,0.0,0.0,0.0
Hand_07_WN,141,0.0,0.0,0.0,0.0,0.0,0.0
Hand_07_WN,142,0.0,0.0,0.0,0.0,0.0,0.0
Hand_07_WN,143,0.0,0.0,0.0,0.0,0.0,0.0
Hand_07_WN,144,0.0,0.0,0.0,0.0,0.0,0.0
Hand_07_WN,145,0.0,0.0,0.0,0.0,0.0,0.0
Hand_07_WN,146,0.0,0.0,0.0,0.0,0.0,0.0
Hand_07_WN,147,0.0,0.0,0.0,0.0,0.0,0.0
Hand_07_WN,148,0.0,0.0,0.0,0.0,0.0,0.0
Hand_07_WN,149,0.0,0.0,0.0,0.0,0.0,0.0
Hand_07_WN,150,0.0,0.0,0.0,0.0,0.0,0.0
Hand_07_WN,151,0.0,0.0,0.0,0.0,0.0,0.0
Hand_07_WN,152,0.0,0.0,0.0,0.0,0.0,0.0
Hand_07_WN,153,0.0,0.0,0.0,0.0,0.0,0.0
Hand_07_WN,154,0.0,0.0,0.0,0.0,0.0,0.0
Hand_07_WN,155,0.0,0.0,0.0,0.0,0.0,0.0
Hand_07_WN,156,0.0,0.0,0.0,0.0,0.0,0.0
Hand_07_WN,157,0.0,0.0,0.0,0.0,0.0,0.0
Hand_07_WN,158,0.0,0.0,0.0,0.0,0.0,0.0
Hand_07_WN,159,0.0,0.0,0.0,0.0,0.0,0.0
Hand_07_WN,160,0.0,0.0,0.0,0.0,0.0,0.0
Hand_07_WN,161,0.0,0.0,0.0,0.0,0.0,0.0
Hand_07_WN,162,0.0,0.0,0.0,0.0,0.0,0.0
Hand_07_WN,163,0.0,0.0,0.0,0.0,0.0,0.0
Hand_07_WN,164,0.0,0.0,0.0,0.0,0.0,0.0
Hand_07_WN,165,0.0,0.0,0.0,0.0,0.0,0.0
Hand_07_WN,166,0.0,0.0,0.0,0.0,0.0,0.0
Hand_07_WN,167,0.0,0.0,0.0,0.0,0.0,0.0
Hand_07_WN,168,0.0,0.0,0.0,0.0,0.0,0.0
Hand_07_WN,169,0.0,0.0,0.0,0.0,0.0,0.0
Hand_07_WN,170,0.0,0.0,0.0,0.0,0.0,0.0
Hand_07_WN,171,0.0,0.0,0.0,0.0,0.0,0.0
Hand_07_WN,172,0.0,0.0,0.0,0.0,0.0,0.0
Hand_07_WN,173,0.0,0.0,0.0,0.0,0.0,0.0
Hand_07_WN,174,0.0,0.0,0.0,0.0,0.0,0.0
Hand_07_WN,175,0.0,0.0,0.0,0.0,0.0,0.0
Hand_07_WN,176,0.0,0.0,0.0,0.0,0.0,0.0
Hand_07_WN,177,0.0,0.0,0.0,0.0,0.0,0.0
Hand_07_WN,178,0.0,0.0,0.0,0.0,0.0,0.0
Hand_07_WN,179,0.0,0.0,0.0,0.0,0.0,0.0
Hand_07_WN,180,0.0,0.0,0.0,0.0,0.0,0.0
Hand_07_WN,181,0.0,0.0,0.0,0.0,0.0,0.0
Hand_07_WN,182,0.0,0.0,0.0,0.0,0.0,0.0
Hand_07_WN,183,0.0,0.0,0.0,0.0,0.0,0.0
Hand_07_WN,184,0.0,0.0,0.0,0.0,0.0,0.0
Hand_07_WN,185,0.0,0.0,0.0,0.0,0.0,0.0
Hand_07_WN,186,0.0,0.0,0.0,0.0,0.0,0.0
Hand_07_WN,187,0.0,0.0,0.0,0.0,0.0,0.0
Hand_07_WN,188,0.0,0.0,0.0,0.0,0.0,0.0
Hand_07_WN,189,0.0,0.0,0.0,0.0,0.0,0.0
Hand_07_WN,190,0.0,0.0,0.0,0.0,0.0,0.0
Hand_07_WN,191,0.0,0.0,0.0,0.0,0.0,0.0
Hand_07_WN,192,0.0,0.0,0.0,0.0,0.0,0.0
Hand_07_WN,193,0.0,0.0,0.0,0.0,0.0,0.0
Hand_07_WN,194,0.0,0.0,0.0,0.0,0.0,0.0
Hand_07_WN,195,0.0,0.0,0.0,0.0,0.0,0.0
Hand_07_WN,196,0.0,0.0,0.0,0.0,0.0,0.0
Hand_07_WN,197,0.0,0.0,0.0,0.0,0.0,0.0
Hand_07_WN,198,0.0,0.0,0.0,0.0,0.0,0.0
Hand_07_WN,199,0.0,0.0,0.0,0.0,0.0,0.0
Hand_07_WN,200,0.0,0.0,0.0,0.0,0.0,0.0
Clamps_08_TN,0,0,0,0,0,0,0
Clamps_08_TN,1,0,0,0,0,0,0
Clamps_08_TN,2,0,0,0,0,0,0
Clamps_08_TN,3,0,0,0,0,0,0
Clamps_08_TN,4,0,0,0,0,0,0
Clamps_08_TN,5,0,0,0,0,0,0
Clamps_08_TN,6,0,0,0,0,0,0
Clamps_08_TN,7,0,0,0,0,0,0
Clamps_08_TN,8,0,0,0,0,0,0
Clamps_08_TN,9,0,0,0,0,0,0
Clamps_08_TN,10,0,0,0,0,0,0
Clamps_08_TN,11,0,0,0,0,0,0
Clamps_08_TN,12,0,0,0,0,0,0
Clamps_08_TN,13,0,0,0,0,0,0
Clamps_08_TN,14,0,0,0,0,0,0
Clamps_08_TN,15,0,0,0,0,0,0
Clamps_08_TN,16,0,0,0,0,0,0
Clamps_08_TN,17,0,0,0,0,0,0
Clamps_08_TN,18,0,0,0,0,0,0
Clamps_08_TN,19,0,0,0,0,0,0
Clamps_08_TN,20,0,0,0,0,0,0
Clamps_08_TN,21,0,0,0,0,0,0
Clamps_08_TN,22,0,0,0,0,0,0
Clamps_08_TN,23,0,0,0,0,0,0
Clamps_08_TN,24,0,0,0,0,0,0
Clamps_08_TN,25,0,0,0,0,0,0
Clamps_08_TN,26,0,0,0,0,0,0
Clamps_08_TN,27,0,0,0,0,0,0
Clamps_08_TN,28,0,0,0,0,0,0
Clamps_08_TN,29,0,0,0,0,0,0
Clamps_08_TN,30,0,0,0,0,0,0
Clamps_08_TN,31,0,0,0,0,0,0
Clamps_08_TN,32,0,0,0,0,0,0
Clamps_08_TN,33,0,0,0,0,0,0
Clamps_08_TN,34,0,0,0,0,0,0
Clamps_08_TN,35,0,0,0,0,0,0
Clamps_08_TN,36,0,0,0,0,0,0
Clamps_08_TN,37,0,0,0,0,0,0
Clamps_08_TN,38,0,0,0,0,0,0
Clamps_08_TN,39,0,0,0,0,0,0
Clamps_08_TN,40,0,0,0,0,0,0
Clamps_08_TN,41,0,0,0,0,0,0
Clamps_08_TN,42,0,0,0,0,0,0
Clamps_08_TN,43,0,0,0,0,0,0
Clamps_08_TN,44,0,0,0,0,0,0
Clamps_08_TN,45,0,0,0,0,0,0
Clamps_08_TN,46,0,0,0,0,0,0
Clamps_08_TN,47,0,0,0,0,0,0
Clamps_08_TN,48,0,0,0,0,0,0
Clamps_08_TN,49,0,0,0,0,0,0
Clamps_08_TN,50,0,0,0,0,0,0
Clamps_08_TN,51,0,0,0,0,0,0
Clamps_08_TN,52,0,0,0,0,0,0
Clamps_08_TN,53,0,0,0,0,0,0
Clamps_08_TN,54,0,0,0,0,0,0
Clamps_08_TN,55,0,0,0,0,0,0
Clamps_08_TN,56,0,0,0,0,0,0
Clamps_08_TN,57,0,0,0,0,0,0
Clamps_08_TN,58,0,0,0,0,0,0
Clamps_08_TN,59,0,0,0,0,0,0
Clamps_08_TN,60,0,0,0,0,0,0
Clamps_08_TN,61,0,0,0,0,0,0
Clamps_08_TN,62,0,0,0,0,0,0
Clamps_08_TN,63,0,0,0,0,0,0
Clamps_08_TN,64,0,0,0,0,0,0
Clamps_08_TN,65,0,0,0,0,0,0
Clamps_08_TN,66,0,0,0,0,0,0
Clamps_08_TN,67,0,0,0,0,0,0
Clamps_08_TN,68,0,0,0,0,0,0
Clamps_08_TN,69,0,0,0,0,0,0
Clamps_08_TN,70,0,0,0,0,0,0
Clamps_08_TN,71,0,0,0,0,0,0
Clamps_08_TN,72,0,0,0,0,0,0
Clamps_08_TN,73,0,0,0,0,0,0
Clamps_08_TN,74,0,0,0,0,0,0
Clamps_08_TN,75,0,0,0,0,0,0
Clamps_08_TN,76,0,0,0,0,0,0
Clamps_08_TN,77,0,0,0,0,0,0
Clamps_08_TN,78,0,0,0,0,0,0
Clamps_08_TN,79,0,0,0,0,0,0
Clamps_08_TN,80,0,0,0,0,0,0
Clamps_08_TN,81,0,0,0,0,0,0
Clamps_08_TN,82,0,0,0,0,0,0
Clamps_08_TN,83,0,0,0,0,0,0
Clamps_08_TN,84,0,0,0,0,0,0
Clamps_08_TN,85,0,0,0,0,0,0
Clamps_08_TN,86,0,0,0,0,0,0
Clamps_08_TN,87,0,0,0,0,0,0
Clamps_08_TN,88,0,0,0,0,0,0
Clamps_08_TN,89,0,0,0,0,0,0
Clamps_08_TN,90,0,0,0,0,0,0
Clamps_08_TN,91,0,0,0,0,0,0
Clamps_08_TN,92,0,0,0,0,0,0
Clamps_08_TN,93,0,0,0,0,0,0
Clamps_08_TN,94,0,0,0,0,0,0
Clamps_08_TN,95,0,0,0,0,0,0
Clamps_08_TN,96,0,0,0,0,0,0
Clamps_08_TN,97,0,0,0,0,0,0
Clamps_08_TN,98,0,0,0,0,0,0
Clamps_08_TN,99,0,0,0,0,0,0
Clamps_08_TN,100,0,0,0,0,0,0
Clamps_08_TN,101,0,0,0,0,0,0
Clamps_08_TN,102,0,0,0,0,0,0
Clamps_08_TN,103,0,0,0,0,0,0
Clamps_08_TN,104,0,0,0,0,0,0
Clamps_08_TN,105,0,0,0,0,0,0
Clamps_08_TN,106,0,0,0,0,0,0
Clamps_08_TN,107,0,0,0,0,0,0
Clamps_08_TN,108,0,0,0,0,0,0
Clamps_08_TN,109,0,0,0,0,0,0
Clamps_08_TN,110,0,0,0,0,0,0
Clamps_08_TN,111,0,0,0,0,0,0
Clamps_08_TN,112,0,0,0,0,0,0
Clamps_08_TN,113,0,0,0,0,0,0
Clamps_08_TN,114,0,0,0,0,0,0
Clamps_08_TN,115,0,0,0,0,0,0
Clamps_08_TN,116,0,0,0,0,0,0
Clamps_08_TN,117,0,0,0,0,0,0
Clamps_08_TN,118,0,0,0,0,0,0
Clamps_08_TN,119,0,0,0,0,0,0
Clamps_08_TN,120,0,0,0,0,0,0
Clamps_08_TN,121,0,0,0,0,0,0
Clamps_08_TN,122,0,0,0,0,0,0
Clamps_08_TN,123,0,0,0,0,0,0
Clamps_08_TN,124,0,0,0,0,0,0
Clamps_08_TN,125,0,0,0,0,0,0
Clamps_08_TN,126,0,0,0,0,0,0
Clamps_08_TN,127,0,0,0,0,0,0
Clamps_08_TN,128,0,0,0,0,0,0
Clamps_08_TN,129,0,0,0,0,0,0
Clamps_08_TN,130,0,0,0,0,0,0
Clamps_08_TN,131,0,0,0,0,0,0
Clamps_08_TN,132,0,0,0,0,0,0
Clamps_08_TN,133,0,0,0,0,0,0
Clamps_08_TN,134,0,0,0,0,0,0
Clamps_08_TN,135,0,0,0,0,0,0
Clamps_08_TN,136,0,0,0,0,0,0
Clamps_08_TN,137,0,0,0,0,0,0
Clamps_08_TN,138,0,0,0,0,0,0
Clamps_08_TN,139,0,0,0,0,0,0
Clamps_08_TN,140,0,0,0,0,0,0
Clamps_08_TN,141,0,0,0,0,0,0
Clamps_08_TN,142,0,0,0,0,0,0
Clamps_08_TN,143,0,0,0,0,0,0
Clamps_08_TN,144,0,0,0,0,0,0
Clamps_08_TN,145,0,0,0,0,0,0
Clamps_08_TN,146,0,0,0,0,0,0
Clamps_08_TN,147,0,0,0,0,0,0
Clamps_08_TN,148,0,0,0,0,0,0
Clamps_08_TN,149,0,0,0,0,0,0
Clamps_08_TN,150,0,0,0,0,0,0
Clamps_08_TN,151,0,0,0,0,0,0
Clamps_08_TN,152,0,0,0,0,0,0
Clamps_08_TN,153,0,0,0,0,0,0
Clamps_08_TN,154,0,0,0,0,0,0
Clamps_08_TN,155,0,0,0,0,0,0
Clamps_08_TN,156,0,0,0,0,0,0
Clamps_08_TN,157,0,0,0,0,0,0
Clamps_08_TN,158,0,0,0,0,0,0
Clamps_08_TN,159,0,0,0,0,0,0
Clamps_08_TN,160,0,0,0,0,0,0
Clamps_08_TN,161,0,0,0,0,0,0
Clamps_08_TN,162,0,0,0,0,0,0
Clamps_08_TN,163,0,0,0,0,0,0
Clamps_08_TN,164,0,0,0,0,0,0
Clamps_08_TN,165,0,0,0,0,0,0
Clamps_08_TN,166,0,0,0,0,0,0
Clamps_08_TN,167,0,0,0,0,0,0
Clamps_08_TN,168,0,0,0,0,0,0
Clamps_08_TN,169,0,0,0,0,0,0
Clamps_08_TN,170,0,0,0,0,0,0
Clamps_08_TN,171,0,0,0,0,0,0
Clamps_08_TN,172,0,0,0,0,0,0
Clamps_08_TN,173,0,0,0,0,0,0
Clamps_08_TN,174,0,0,0,0,0,0
Clamps_08_TN,175,0,0,0,0,0,0
Clamps_08_TN,176,0,0,0,0,0,0
Clamps_08_TN,177,0,0,0,0,0,0
Clamps_08_TN,178,0,0,0,0,0,0
Clamps_08_TN,179,0,0,0,0,0,0
Clamps_08_TN,180,0,0,0,0,0,0
Clamps_08_TN,181,0,0,0,0,0,0
Clamps_08_TN,182,0,0,0,0,0,0
Clamps_08_TN,183,0,0,0,0,0,0
Clamps_08_TN,184,0,0,0,0,0,0
Clamps_08_TN,185,0,0,0,0,0,0
Clamps_08_TN,186,0,0,0,0,0,0
Clamps_08_TN,187,0,0,0,0,0,0
Clamps_08_TN,188,0,0,0,0,0,0
Clamps_08_TN,189,0,0,0,0,0,0
Clamps_08_TN,190,0,0,0,0,0,0
Clamps_08_TN,191,0,0,0,0,0,0
Clamps_08_TN,192,0,0,0,0,0,0
Clamps_08_TN,193,0,0,0,0,0,0
Clamps_08_TN,194,0,0,0,0,0,0
Clamps_08_TN,195,0,0,0,0,0,0
Clamps_08_TN,196,0,0,0,0,0,0
Clamps_08_TN,197,0,0,0,0,0,0
Clamps_08_TN,198,0,0,0,0,0,0
Clamps_08_TN,199,0,0,0,0,0,0
Clamps_08_TN,200,0,0,0,0,0,0